(kicad_pcb (version 20171130) (host pcbnew 5.0.0-fee4fd1~66~ubuntu18.04.1)

  (general
    (thickness 1.6)
    (drawings 10)
    (tracks 580)
    (zones 0)
    (modules 48)
    (nets 66)
  )

  (page A4)
  (layers
    (0 F.Cu signal)
    (31 B.Cu signal)
    (32 B.Adhes user)
    (33 F.Adhes user)
    (34 B.Paste user)
    (35 F.Paste user)
    (36 B.SilkS user)
    (37 F.SilkS user)
    (38 B.Mask user)
    (39 F.Mask user)
    (40 Dwgs.User user)
    (41 Cmts.User user)
    (42 Eco1.User user)
    (43 Eco2.User user)
    (44 Edge.Cuts user)
    (45 Margin user)
    (46 B.CrtYd user)
    (47 F.CrtYd user)
    (48 B.Fab user)
    (49 F.Fab user)
  )

  (setup
    (last_trace_width 0.1524)
    (trace_clearance 0.1524)
    (zone_clearance 0.2)
    (zone_45_only no)
    (trace_min 0.1524)
    (segment_width 0.2)
    (edge_width 0.15)
    (via_size 0.6858)
    (via_drill 0.3302)
    (via_min_size 0.508)
    (via_min_drill 0.254)
    (uvia_size 0.6858)
    (uvia_drill 0.3302)
    (uvias_allowed no)
    (uvia_min_size 0.2)
    (uvia_min_drill 0.1)
    (pcb_text_width 0.3)
    (pcb_text_size 1.5 1.5)
    (mod_edge_width 0.15)
    (mod_text_size 1 1)
    (mod_text_width 0.15)
    (pad_size 1.524 1.524)
    (pad_drill 0.762)
    (pad_to_mask_clearance 0.0508)
    (aux_axis_origin 0 0)
    (grid_origin 96.3675 37.465)
    (visible_elements FFFFFF7F)
    (pcbplotparams
      (layerselection 0x010fc_ffffffff)
      (usegerberextensions true)
      (usegerberattributes false)
      (usegerberadvancedattributes false)
      (creategerberjobfile false)
      (excludeedgelayer true)
      (linewidth 0.100000)
      (plotframeref false)
      (viasonmask false)
      (mode 1)
      (useauxorigin false)
      (hpglpennumber 1)
      (hpglpenspeed 20)
      (hpglpendiameter 15.000000)
      (psnegative false)
      (psa4output false)
      (plotreference true)
      (plotvalue true)
      (plotinvisibletext false)
      (padsonsilk false)
      (subtractmaskfromsilk false)
      (outputformat 1)
      (mirror false)
      (drillshape 0)
      (scaleselection 1)
      (outputdirectory "gerber"))
  )

  (net 0 "")
  (net 1 GND)
  (net 2 +3V3)
  (net 3 +5V)
  (net 4 MCP1_INT)
  (net 5 SPI1_CS1)
  (net 6 MCP3_INT)
  (net 7 SPI1_CS0)
  (net 8 SPI0_MOSI)
  (net 9 SPI0_MISO)
  (net 10 SPI0_SCK)
  (net 11 SPI0_CS1)
  (net 12 SPI0_CS0)
  (net 13 MCP2_INT)
  (net 14 MCP0_INT)
  (net 15 SPI1_MISO)
  (net 16 SPI1_MOSI)
  (net 17 SPI1_SCK)
  (net 18 CAN0_L)
  (net 19 CAN1_L)
  (net 20 CAN2_L)
  (net 21 CAN3_L)
  (net 22 CAN3_H)
  (net 23 CAN2_H)
  (net 24 CAN1_H)
  (net 25 CAN0_H)
  (net 26 "Net-(U1-Pad1)")
  (net 27 "Net-(U1-Pad2)")
  (net 28 CLK-20MHz)
  (net 29 "Net-(U2-Pad2)")
  (net 30 "Net-(U2-Pad1)")
  (net 31 "Net-(U3-Pad1)")
  (net 32 "Net-(U3-Pad2)")
  (net 33 "Net-(U4-Pad2)")
  (net 34 "Net-(U4-Pad1)")
  (net 35 "Net-(U1-Pad3)")
  (net 36 "Net-(U1-Pad5)")
  (net 37 "Net-(U1-Pad8)")
  (net 38 "Net-(U1-Pad9)")
  (net 39 "Net-(U2-Pad9)")
  (net 40 "Net-(U2-Pad8)")
  (net 41 "Net-(U2-Pad5)")
  (net 42 "Net-(U2-Pad3)")
  (net 43 "Net-(U3-Pad3)")
  (net 44 "Net-(U3-Pad5)")
  (net 45 "Net-(U3-Pad8)")
  (net 46 "Net-(U3-Pad9)")
  (net 47 "Net-(U4-Pad9)")
  (net 48 "Net-(U4-Pad8)")
  (net 49 "Net-(U4-Pad5)")
  (net 50 "Net-(U4-Pad3)")
  (net 51 "Net-(X1-Pad1)")
  (net 52 "Net-(J1-Pad5)")
  (net 53 "Net-(J1-Pad8)")
  (net 54 "Net-(J1-Pad10)")
  (net 55 "Net-(J1-Pad13)")
  (net 56 "Net-(J1-Pad15)")
  (net 57 "Net-(J1-Pad16)")
  (net 58 "Net-(J1-Pad22)")
  (net 59 "Net-(J1-Pad29)")
  (net 60 "Net-(J1-Pad32)")
  (net 61 "Net-(J1-Pad36)")
  (net 62 "Net-(J1-Pad37)")
  (net 63 "Net-(J1-Pad18)")
  (net 64 ID_SD)
  (net 65 ID_SC)

  (net_class Default "This is the default net class."
    (clearance 0.1524)
    (trace_width 0.1524)
    (via_dia 0.6858)
    (via_drill 0.3302)
    (uvia_dia 0.6858)
    (uvia_drill 0.3302)
    (add_net CAN0_H)
    (add_net CAN0_L)
    (add_net CAN1_H)
    (add_net CAN1_L)
    (add_net CAN2_H)
    (add_net CAN2_L)
    (add_net CAN3_H)
    (add_net CAN3_L)
    (add_net CLK-20MHz)
    (add_net GND)
    (add_net ID_SC)
    (add_net ID_SD)
    (add_net MCP0_INT)
    (add_net MCP1_INT)
    (add_net MCP2_INT)
    (add_net MCP3_INT)
    (add_net "Net-(J1-Pad10)")
    (add_net "Net-(J1-Pad13)")
    (add_net "Net-(J1-Pad15)")
    (add_net "Net-(J1-Pad16)")
    (add_net "Net-(J1-Pad18)")
    (add_net "Net-(J1-Pad22)")
    (add_net "Net-(J1-Pad29)")
    (add_net "Net-(J1-Pad32)")
    (add_net "Net-(J1-Pad36)")
    (add_net "Net-(J1-Pad37)")
    (add_net "Net-(J1-Pad5)")
    (add_net "Net-(J1-Pad8)")
    (add_net "Net-(U1-Pad1)")
    (add_net "Net-(U1-Pad2)")
    (add_net "Net-(U1-Pad3)")
    (add_net "Net-(U1-Pad5)")
    (add_net "Net-(U1-Pad8)")
    (add_net "Net-(U1-Pad9)")
    (add_net "Net-(U2-Pad1)")
    (add_net "Net-(U2-Pad2)")
    (add_net "Net-(U2-Pad3)")
    (add_net "Net-(U2-Pad5)")
    (add_net "Net-(U2-Pad8)")
    (add_net "Net-(U2-Pad9)")
    (add_net "Net-(U3-Pad1)")
    (add_net "Net-(U3-Pad2)")
    (add_net "Net-(U3-Pad3)")
    (add_net "Net-(U3-Pad5)")
    (add_net "Net-(U3-Pad8)")
    (add_net "Net-(U3-Pad9)")
    (add_net "Net-(U4-Pad1)")
    (add_net "Net-(U4-Pad2)")
    (add_net "Net-(U4-Pad3)")
    (add_net "Net-(U4-Pad5)")
    (add_net "Net-(U4-Pad8)")
    (add_net "Net-(U4-Pad9)")
    (add_net "Net-(X1-Pad1)")
    (add_net SPI0_CS0)
    (add_net SPI0_CS1)
    (add_net SPI0_MISO)
    (add_net SPI0_MOSI)
    (add_net SPI0_SCK)
    (add_net SPI1_CS0)
    (add_net SPI1_CS1)
    (add_net SPI1_MISO)
    (add_net SPI1_MOSI)
    (add_net SPI1_SCK)
  )

  (net_class pwr ""
    (clearance 0.1524)
    (trace_width 0.25)
    (via_dia 0.9)
    (via_drill 0.45)
    (uvia_dia 0.9)
    (uvia_drill 0.45)
    (add_net +3V3)
    (add_net +5V)
  )

  (module Capacitor_SMD:C_0603_1608Metric (layer B.Cu) (tedit 5B301BBE) (tstamp 5B98C5E8)
    (at 87.3675 50.965 180)
    (descr "Capacitor SMD 0603 (1608 Metric), square (rectangular) end terminal, IPC_7351 nominal, (Body size source: http://www.tortai-tech.com/upload/download/2011102023233369053.pdf), generated with kicad-footprint-generator")
    (tags capacitor)
    (path /5B969624)
    (attr smd)
    (fp_text reference C22 (at 3 0 180) (layer B.SilkS)
      (effects (font (size 1 1) (thickness 0.15)) (justify mirror))
    )
    (fp_text value 100nF (at 0 0 180) (layer B.Fab)
      (effects (font (size 1 1) (thickness 0.15)) (justify mirror))
    )
    (fp_line (start -0.8 -0.4) (end -0.8 0.4) (layer B.Fab) (width 0.1))
    (fp_line (start -0.8 0.4) (end 0.8 0.4) (layer B.Fab) (width 0.1))
    (fp_line (start 0.8 0.4) (end 0.8 -0.4) (layer B.Fab) (width 0.1))
    (fp_line (start 0.8 -0.4) (end -0.8 -0.4) (layer B.Fab) (width 0.1))
    (fp_line (start -0.162779 0.51) (end 0.162779 0.51) (layer B.SilkS) (width 0.12))
    (fp_line (start -0.162779 -0.51) (end 0.162779 -0.51) (layer B.SilkS) (width 0.12))
    (fp_line (start -1.48 -0.73) (end -1.48 0.73) (layer B.CrtYd) (width 0.05))
    (fp_line (start -1.48 0.73) (end 1.48 0.73) (layer B.CrtYd) (width 0.05))
    (fp_line (start 1.48 0.73) (end 1.48 -0.73) (layer B.CrtYd) (width 0.05))
    (fp_line (start 1.48 -0.73) (end -1.48 -0.73) (layer B.CrtYd) (width 0.05))
    (fp_text user %R (at 0 0 180) (layer B.Fab)
      (effects (font (size 0.4 0.4) (thickness 0.06)) (justify mirror))
    )
    (pad 1 smd roundrect (at -0.7875 0 180) (size 0.875 0.95) (layers B.Cu B.Paste B.Mask) (roundrect_rratio 0.25)
      (net 2 +3V3))
    (pad 2 smd roundrect (at 0.7875 0 180) (size 0.875 0.95) (layers B.Cu B.Paste B.Mask) (roundrect_rratio 0.25)
      (net 1 GND))
    (model ${KISYS3DMOD}/Capacitor_SMD.3dshapes/C_0603_1608Metric.wrl
      (at (xyz 0 0 0))
      (scale (xyz 1 1 1))
      (rotate (xyz 0 0 0))
    )
  )

  (module Capacitor_SMD:C_0805_2012Metric (layer B.Cu) (tedit 5B36C52B) (tstamp 5B98C5D7)
    (at 92.3675 30.965)
    (descr "Capacitor SMD 0805 (2012 Metric), square (rectangular) end terminal, IPC_7351 nominal, (Body size source: https://docs.google.com/spreadsheets/d/1BsfQQcO9C6DZCsRaXUlFlo91Tg2WpOkGARC1WS5S8t0/edit?usp=sharing), generated with kicad-footprint-generator")
    (tags capacitor)
    (path /5B99ADE5)
    (attr smd)
    (fp_text reference R12 (at 0 1.5) (layer B.SilkS)
      (effects (font (size 1 1) (thickness 0.15)) (justify mirror))
    )
    (fp_text value dnp (at 0 0) (layer B.Fab)
      (effects (font (size 1 1) (thickness 0.15)) (justify mirror))
    )
    (fp_text user %R (at 0 0) (layer B.Fab)
      (effects (font (size 0.5 0.5) (thickness 0.08)) (justify mirror))
    )
    (fp_line (start 1.68 -0.95) (end -1.68 -0.95) (layer B.CrtYd) (width 0.05))
    (fp_line (start 1.68 0.95) (end 1.68 -0.95) (layer B.CrtYd) (width 0.05))
    (fp_line (start -1.68 0.95) (end 1.68 0.95) (layer B.CrtYd) (width 0.05))
    (fp_line (start -1.68 -0.95) (end -1.68 0.95) (layer B.CrtYd) (width 0.05))
    (fp_line (start -0.258578 -0.71) (end 0.258578 -0.71) (layer B.SilkS) (width 0.12))
    (fp_line (start -0.258578 0.71) (end 0.258578 0.71) (layer B.SilkS) (width 0.12))
    (fp_line (start 1 -0.6) (end -1 -0.6) (layer B.Fab) (width 0.1))
    (fp_line (start 1 0.6) (end 1 -0.6) (layer B.Fab) (width 0.1))
    (fp_line (start -1 0.6) (end 1 0.6) (layer B.Fab) (width 0.1))
    (fp_line (start -1 -0.6) (end -1 0.6) (layer B.Fab) (width 0.1))
    (pad 2 smd roundrect (at 0.9375 0) (size 0.975 1.4) (layers B.Cu B.Paste B.Mask) (roundrect_rratio 0.25)
      (net 19 CAN1_L))
    (pad 1 smd roundrect (at -0.9375 0) (size 0.975 1.4) (layers B.Cu B.Paste B.Mask) (roundrect_rratio 0.25)
      (net 24 CAN1_H))
    (model ${KISYS3DMOD}/Capacitor_SMD.3dshapes/C_0805_2012Metric.wrl
      (at (xyz 0 0 0))
      (scale (xyz 1 1 1))
      (rotate (xyz 0 0 0))
    )
  )

  (module Capacitor_SMD:C_0805_2012Metric (layer B.Cu) (tedit 5B36C52B) (tstamp 5B98C5C6)
    (at 88.8675 30.965 180)
    (descr "Capacitor SMD 0805 (2012 Metric), square (rectangular) end terminal, IPC_7351 nominal, (Body size source: https://docs.google.com/spreadsheets/d/1BsfQQcO9C6DZCsRaXUlFlo91Tg2WpOkGARC1WS5S8t0/edit?usp=sharing), generated with kicad-footprint-generator")
    (tags capacitor)
    (path /5B99C9B3)
    (attr smd)
    (fp_text reference R13 (at 0 -1.5 180) (layer B.SilkS)
      (effects (font (size 1 1) (thickness 0.15)) (justify mirror))
    )
    (fp_text value dnp (at 0 0 180) (layer B.Fab)
      (effects (font (size 1 1) (thickness 0.15)) (justify mirror))
    )
    (fp_line (start -1 -0.6) (end -1 0.6) (layer B.Fab) (width 0.1))
    (fp_line (start -1 0.6) (end 1 0.6) (layer B.Fab) (width 0.1))
    (fp_line (start 1 0.6) (end 1 -0.6) (layer B.Fab) (width 0.1))
    (fp_line (start 1 -0.6) (end -1 -0.6) (layer B.Fab) (width 0.1))
    (fp_line (start -0.258578 0.71) (end 0.258578 0.71) (layer B.SilkS) (width 0.12))
    (fp_line (start -0.258578 -0.71) (end 0.258578 -0.71) (layer B.SilkS) (width 0.12))
    (fp_line (start -1.68 -0.95) (end -1.68 0.95) (layer B.CrtYd) (width 0.05))
    (fp_line (start -1.68 0.95) (end 1.68 0.95) (layer B.CrtYd) (width 0.05))
    (fp_line (start 1.68 0.95) (end 1.68 -0.95) (layer B.CrtYd) (width 0.05))
    (fp_line (start 1.68 -0.95) (end -1.68 -0.95) (layer B.CrtYd) (width 0.05))
    (fp_text user %R (at 0 0 180) (layer B.Fab)
      (effects (font (size 0.5 0.5) (thickness 0.08)) (justify mirror))
    )
    (pad 1 smd roundrect (at -0.9375 0 180) (size 0.975 1.4) (layers B.Cu B.Paste B.Mask) (roundrect_rratio 0.25)
      (net 23 CAN2_H))
    (pad 2 smd roundrect (at 0.9375 0 180) (size 0.975 1.4) (layers B.Cu B.Paste B.Mask) (roundrect_rratio 0.25)
      (net 20 CAN2_L))
    (model ${KISYS3DMOD}/Capacitor_SMD.3dshapes/C_0805_2012Metric.wrl
      (at (xyz 0 0 0))
      (scale (xyz 1 1 1))
      (rotate (xyz 0 0 0))
    )
  )

  (module Capacitor_SMD:C_0805_2012Metric (layer B.Cu) (tedit 5B36C52B) (tstamp 5B98C5B5)
    (at 95.8675 30.965)
    (descr "Capacitor SMD 0805 (2012 Metric), square (rectangular) end terminal, IPC_7351 nominal, (Body size source: https://docs.google.com/spreadsheets/d/1BsfQQcO9C6DZCsRaXUlFlo91Tg2WpOkGARC1WS5S8t0/edit?usp=sharing), generated with kicad-footprint-generator")
    (tags capacitor)
    (path /5B990F10)
    (attr smd)
    (fp_text reference R11 (at 0 1.5) (layer B.SilkS)
      (effects (font (size 1 1) (thickness 0.15)) (justify mirror))
    )
    (fp_text value dnp (at 0 0) (layer B.Fab)
      (effects (font (size 1 1) (thickness 0.15)) (justify mirror))
    )
    (fp_text user %R (at 0 0) (layer B.Fab)
      (effects (font (size 0.5 0.5) (thickness 0.08)) (justify mirror))
    )
    (fp_line (start 1.68 -0.95) (end -1.68 -0.95) (layer B.CrtYd) (width 0.05))
    (fp_line (start 1.68 0.95) (end 1.68 -0.95) (layer B.CrtYd) (width 0.05))
    (fp_line (start -1.68 0.95) (end 1.68 0.95) (layer B.CrtYd) (width 0.05))
    (fp_line (start -1.68 -0.95) (end -1.68 0.95) (layer B.CrtYd) (width 0.05))
    (fp_line (start -0.258578 -0.71) (end 0.258578 -0.71) (layer B.SilkS) (width 0.12))
    (fp_line (start -0.258578 0.71) (end 0.258578 0.71) (layer B.SilkS) (width 0.12))
    (fp_line (start 1 -0.6) (end -1 -0.6) (layer B.Fab) (width 0.1))
    (fp_line (start 1 0.6) (end 1 -0.6) (layer B.Fab) (width 0.1))
    (fp_line (start -1 0.6) (end 1 0.6) (layer B.Fab) (width 0.1))
    (fp_line (start -1 -0.6) (end -1 0.6) (layer B.Fab) (width 0.1))
    (pad 2 smd roundrect (at 0.9375 0) (size 0.975 1.4) (layers B.Cu B.Paste B.Mask) (roundrect_rratio 0.25)
      (net 18 CAN0_L))
    (pad 1 smd roundrect (at -0.9375 0) (size 0.975 1.4) (layers B.Cu B.Paste B.Mask) (roundrect_rratio 0.25)
      (net 25 CAN0_H))
    (model ${KISYS3DMOD}/Capacitor_SMD.3dshapes/C_0805_2012Metric.wrl
      (at (xyz 0 0 0))
      (scale (xyz 1 1 1))
      (rotate (xyz 0 0 0))
    )
  )

  (module Capacitor_SMD:C_0805_2012Metric (layer B.Cu) (tedit 5B36C52B) (tstamp 5B98C5A4)
    (at 85.3675 30.965 180)
    (descr "Capacitor SMD 0805 (2012 Metric), square (rectangular) end terminal, IPC_7351 nominal, (Body size source: https://docs.google.com/spreadsheets/d/1BsfQQcO9C6DZCsRaXUlFlo91Tg2WpOkGARC1WS5S8t0/edit?usp=sharing), generated with kicad-footprint-generator")
    (tags capacitor)
    (path /5B99ECB8)
    (attr smd)
    (fp_text reference R14 (at 0 -1.5 180) (layer B.SilkS)
      (effects (font (size 1 1) (thickness 0.15)) (justify mirror))
    )
    (fp_text value dnp (at 0 0 180) (layer B.Fab)
      (effects (font (size 1 1) (thickness 0.15)) (justify mirror))
    )
    (fp_line (start -1 -0.6) (end -1 0.6) (layer B.Fab) (width 0.1))
    (fp_line (start -1 0.6) (end 1 0.6) (layer B.Fab) (width 0.1))
    (fp_line (start 1 0.6) (end 1 -0.6) (layer B.Fab) (width 0.1))
    (fp_line (start 1 -0.6) (end -1 -0.6) (layer B.Fab) (width 0.1))
    (fp_line (start -0.258578 0.71) (end 0.258578 0.71) (layer B.SilkS) (width 0.12))
    (fp_line (start -0.258578 -0.71) (end 0.258578 -0.71) (layer B.SilkS) (width 0.12))
    (fp_line (start -1.68 -0.95) (end -1.68 0.95) (layer B.CrtYd) (width 0.05))
    (fp_line (start -1.68 0.95) (end 1.68 0.95) (layer B.CrtYd) (width 0.05))
    (fp_line (start 1.68 0.95) (end 1.68 -0.95) (layer B.CrtYd) (width 0.05))
    (fp_line (start 1.68 -0.95) (end -1.68 -0.95) (layer B.CrtYd) (width 0.05))
    (fp_text user %R (at 0 0 180) (layer B.Fab)
      (effects (font (size 0.5 0.5) (thickness 0.08)) (justify mirror))
    )
    (pad 1 smd roundrect (at -0.9375 0 180) (size 0.975 1.4) (layers B.Cu B.Paste B.Mask) (roundrect_rratio 0.25)
      (net 22 CAN3_H))
    (pad 2 smd roundrect (at 0.9375 0 180) (size 0.975 1.4) (layers B.Cu B.Paste B.Mask) (roundrect_rratio 0.25)
      (net 21 CAN3_L))
    (model ${KISYS3DMOD}/Capacitor_SMD.3dshapes/C_0805_2012Metric.wrl
      (at (xyz 0 0 0))
      (scale (xyz 1 1 1))
      (rotate (xyz 0 0 0))
    )
  )

  (module Package_SO:SOIC-8_3.9x4.9mm_P1.27mm (layer F.Cu) (tedit 5A02F2D3) (tstamp 5BA3F3EC)
    (at 95.3675 51.965)
    (descr "8-Lead Plastic Small Outline (SN) - Narrow, 3.90 mm Body [SOIC] (see Microchip Packaging Specification 00000049BS.pdf)")
    (tags "SOIC 1.27")
    (path /5B9693DC)
    (attr smd)
    (fp_text reference U9 (at 0 -3.25) (layer F.SilkS)
      (effects (font (size 1 1) (thickness 0.15)))
    )
    (fp_text value AT24CS32-SSHM (at 0 3.5) (layer F.Fab)
      (effects (font (size 1 1) (thickness 0.15)))
    )
    (fp_text user %R (at 0 0) (layer F.Fab)
      (effects (font (size 1 1) (thickness 0.15)))
    )
    (fp_line (start -0.95 -2.45) (end 1.95 -2.45) (layer F.Fab) (width 0.1))
    (fp_line (start 1.95 -2.45) (end 1.95 2.45) (layer F.Fab) (width 0.1))
    (fp_line (start 1.95 2.45) (end -1.95 2.45) (layer F.Fab) (width 0.1))
    (fp_line (start -1.95 2.45) (end -1.95 -1.45) (layer F.Fab) (width 0.1))
    (fp_line (start -1.95 -1.45) (end -0.95 -2.45) (layer F.Fab) (width 0.1))
    (fp_line (start -3.73 -2.7) (end -3.73 2.7) (layer F.CrtYd) (width 0.05))
    (fp_line (start 3.73 -2.7) (end 3.73 2.7) (layer F.CrtYd) (width 0.05))
    (fp_line (start -3.73 -2.7) (end 3.73 -2.7) (layer F.CrtYd) (width 0.05))
    (fp_line (start -3.73 2.7) (end 3.73 2.7) (layer F.CrtYd) (width 0.05))
    (fp_line (start -2.075 -2.575) (end -2.075 -2.525) (layer F.SilkS) (width 0.15))
    (fp_line (start 2.075 -2.575) (end 2.075 -2.43) (layer F.SilkS) (width 0.15))
    (fp_line (start 2.075 2.575) (end 2.075 2.43) (layer F.SilkS) (width 0.15))
    (fp_line (start -2.075 2.575) (end -2.075 2.43) (layer F.SilkS) (width 0.15))
    (fp_line (start -2.075 -2.575) (end 2.075 -2.575) (layer F.SilkS) (width 0.15))
    (fp_line (start -2.075 2.575) (end 2.075 2.575) (layer F.SilkS) (width 0.15))
    (fp_line (start -2.075 -2.525) (end -3.475 -2.525) (layer F.SilkS) (width 0.15))
    (pad 1 smd rect (at -2.7 -1.905) (size 1.55 0.6) (layers F.Cu F.Paste F.Mask)
      (net 1 GND))
    (pad 2 smd rect (at -2.7 -0.635) (size 1.55 0.6) (layers F.Cu F.Paste F.Mask)
      (net 1 GND))
    (pad 3 smd rect (at -2.7 0.635) (size 1.55 0.6) (layers F.Cu F.Paste F.Mask)
      (net 1 GND))
    (pad 4 smd rect (at -2.7 1.905) (size 1.55 0.6) (layers F.Cu F.Paste F.Mask)
      (net 1 GND))
    (pad 5 smd rect (at 2.7 1.905) (size 1.55 0.6) (layers F.Cu F.Paste F.Mask)
      (net 64 ID_SD))
    (pad 6 smd rect (at 2.7 0.635) (size 1.55 0.6) (layers F.Cu F.Paste F.Mask)
      (net 65 ID_SC))
    (pad 7 smd rect (at 2.7 -0.635) (size 1.55 0.6) (layers F.Cu F.Paste F.Mask)
      (net 1 GND))
    (pad 8 smd rect (at 2.7 -1.905) (size 1.55 0.6) (layers F.Cu F.Paste F.Mask)
      (net 2 +3V3))
    (model ${KISYS3DMOD}/Package_SO.3dshapes/SOIC-8_3.9x4.9mm_P1.27mm.wrl
      (at (xyz 0 0 0))
      (scale (xyz 1 1 1))
      (rotate (xyz 0 0 0))
    )
  )

  (module Resistor_SMD:R_0603_1608Metric (layer B.Cu) (tedit 5B301BBD) (tstamp 5B98C28C)
    (at 87.3675 41.965)
    (descr "Resistor SMD 0603 (1608 Metric), square (rectangular) end terminal, IPC_7351 nominal, (Body size source: http://www.tortai-tech.com/upload/download/2011102023233369053.pdf), generated with kicad-footprint-generator")
    (tags resistor)
    (path /5B373D8D)
    (attr smd)
    (fp_text reference R5 (at 0 1.25) (layer B.SilkS)
      (effects (font (size 1 1) (thickness 0.15)) (justify mirror))
    )
    (fp_text value 10K (at 0 0) (layer B.Fab)
      (effects (font (size 1 1) (thickness 0.15)) (justify mirror))
    )
    (fp_text user %R (at 0 0) (layer B.Fab)
      (effects (font (size 0.4 0.4) (thickness 0.06)) (justify mirror))
    )
    (fp_line (start 1.48 -0.73) (end -1.48 -0.73) (layer B.CrtYd) (width 0.05))
    (fp_line (start 1.48 0.73) (end 1.48 -0.73) (layer B.CrtYd) (width 0.05))
    (fp_line (start -1.48 0.73) (end 1.48 0.73) (layer B.CrtYd) (width 0.05))
    (fp_line (start -1.48 -0.73) (end -1.48 0.73) (layer B.CrtYd) (width 0.05))
    (fp_line (start -0.162779 -0.51) (end 0.162779 -0.51) (layer B.SilkS) (width 0.12))
    (fp_line (start -0.162779 0.51) (end 0.162779 0.51) (layer B.SilkS) (width 0.12))
    (fp_line (start 0.8 -0.4) (end -0.8 -0.4) (layer B.Fab) (width 0.1))
    (fp_line (start 0.8 0.4) (end 0.8 -0.4) (layer B.Fab) (width 0.1))
    (fp_line (start -0.8 0.4) (end 0.8 0.4) (layer B.Fab) (width 0.1))
    (fp_line (start -0.8 -0.4) (end -0.8 0.4) (layer B.Fab) (width 0.1))
    (pad 2 smd roundrect (at 0.7875 0) (size 0.875 0.95) (layers B.Cu B.Paste B.Mask) (roundrect_rratio 0.25)
      (net 11 SPI0_CS1))
    (pad 1 smd roundrect (at -0.7875 0) (size 0.875 0.95) (layers B.Cu B.Paste B.Mask) (roundrect_rratio 0.25)
      (net 2 +3V3))
    (model ${KISYS3DMOD}/Resistor_SMD.3dshapes/R_0603_1608Metric.wrl
      (at (xyz 0 0 0))
      (scale (xyz 1 1 1))
      (rotate (xyz 0 0 0))
    )
  )

  (module Resistor_SMD:R_0603_1608Metric (layer B.Cu) (tedit 5B301BBD) (tstamp 5B98C24B)
    (at 84.3675 41.965 180)
    (descr "Resistor SMD 0603 (1608 Metric), square (rectangular) end terminal, IPC_7351 nominal, (Body size source: http://www.tortai-tech.com/upload/download/2011102023233369053.pdf), generated with kicad-footprint-generator")
    (tags resistor)
    (path /5B966EB3)
    (attr smd)
    (fp_text reference R6 (at 0 -1.25 180) (layer B.SilkS)
      (effects (font (size 1 1) (thickness 0.15)) (justify mirror))
    )
    (fp_text value 10K (at 0 0 180) (layer B.Fab)
      (effects (font (size 1 1) (thickness 0.15)) (justify mirror))
    )
    (fp_line (start -0.8 -0.4) (end -0.8 0.4) (layer B.Fab) (width 0.1))
    (fp_line (start -0.8 0.4) (end 0.8 0.4) (layer B.Fab) (width 0.1))
    (fp_line (start 0.8 0.4) (end 0.8 -0.4) (layer B.Fab) (width 0.1))
    (fp_line (start 0.8 -0.4) (end -0.8 -0.4) (layer B.Fab) (width 0.1))
    (fp_line (start -0.162779 0.51) (end 0.162779 0.51) (layer B.SilkS) (width 0.12))
    (fp_line (start -0.162779 -0.51) (end 0.162779 -0.51) (layer B.SilkS) (width 0.12))
    (fp_line (start -1.48 -0.73) (end -1.48 0.73) (layer B.CrtYd) (width 0.05))
    (fp_line (start -1.48 0.73) (end 1.48 0.73) (layer B.CrtYd) (width 0.05))
    (fp_line (start 1.48 0.73) (end 1.48 -0.73) (layer B.CrtYd) (width 0.05))
    (fp_line (start 1.48 -0.73) (end -1.48 -0.73) (layer B.CrtYd) (width 0.05))
    (fp_text user %R (at 0 0 180) (layer B.Fab)
      (effects (font (size 0.4 0.4) (thickness 0.06)) (justify mirror))
    )
    (pad 1 smd roundrect (at -0.7875 0 180) (size 0.875 0.95) (layers B.Cu B.Paste B.Mask) (roundrect_rratio 0.25)
      (net 2 +3V3))
    (pad 2 smd roundrect (at 0.7875 0 180) (size 0.875 0.95) (layers B.Cu B.Paste B.Mask) (roundrect_rratio 0.25)
      (net 4 MCP1_INT))
    (model ${KISYS3DMOD}/Resistor_SMD.3dshapes/R_0603_1608Metric.wrl
      (at (xyz 0 0 0))
      (scale (xyz 1 1 1))
      (rotate (xyz 0 0 0))
    )
  )

  (module Resistor_SMD:R_0603_1608Metric (layer B.Cu) (tedit 5B301BBD) (tstamp 5B98C23A)
    (at 96.3675 68.965)
    (descr "Resistor SMD 0603 (1608 Metric), square (rectangular) end terminal, IPC_7351 nominal, (Body size source: http://www.tortai-tech.com/upload/download/2011102023233369053.pdf), generated with kicad-footprint-generator")
    (tags resistor)
    (path /5B374CCF)
    (attr smd)
    (fp_text reference R7 (at 0 1.25) (layer B.SilkS)
      (effects (font (size 1 1) (thickness 0.15)) (justify mirror))
    )
    (fp_text value 10K (at 0 0) (layer B.Fab)
      (effects (font (size 1 1) (thickness 0.15)) (justify mirror))
    )
    (fp_text user %R (at 0 0) (layer B.Fab)
      (effects (font (size 0.4 0.4) (thickness 0.06)) (justify mirror))
    )
    (fp_line (start 1.48 -0.73) (end -1.48 -0.73) (layer B.CrtYd) (width 0.05))
    (fp_line (start 1.48 0.73) (end 1.48 -0.73) (layer B.CrtYd) (width 0.05))
    (fp_line (start -1.48 0.73) (end 1.48 0.73) (layer B.CrtYd) (width 0.05))
    (fp_line (start -1.48 -0.73) (end -1.48 0.73) (layer B.CrtYd) (width 0.05))
    (fp_line (start -0.162779 -0.51) (end 0.162779 -0.51) (layer B.SilkS) (width 0.12))
    (fp_line (start -0.162779 0.51) (end 0.162779 0.51) (layer B.SilkS) (width 0.12))
    (fp_line (start 0.8 -0.4) (end -0.8 -0.4) (layer B.Fab) (width 0.1))
    (fp_line (start 0.8 0.4) (end 0.8 -0.4) (layer B.Fab) (width 0.1))
    (fp_line (start -0.8 0.4) (end 0.8 0.4) (layer B.Fab) (width 0.1))
    (fp_line (start -0.8 -0.4) (end -0.8 0.4) (layer B.Fab) (width 0.1))
    (pad 2 smd roundrect (at 0.7875 0) (size 0.875 0.95) (layers B.Cu B.Paste B.Mask) (roundrect_rratio 0.25)
      (net 7 SPI1_CS0))
    (pad 1 smd roundrect (at -0.7875 0) (size 0.875 0.95) (layers B.Cu B.Paste B.Mask) (roundrect_rratio 0.25)
      (net 2 +3V3))
    (model ${KISYS3DMOD}/Resistor_SMD.3dshapes/R_0603_1608Metric.wrl
      (at (xyz 0 0 0))
      (scale (xyz 1 1 1))
      (rotate (xyz 0 0 0))
    )
  )

  (module Resistor_SMD:R_0603_1608Metric (layer B.Cu) (tedit 5B301BBD) (tstamp 5B98C229)
    (at 93.3675 68.965 180)
    (descr "Resistor SMD 0603 (1608 Metric), square (rectangular) end terminal, IPC_7351 nominal, (Body size source: http://www.tortai-tech.com/upload/download/2011102023233369053.pdf), generated with kicad-footprint-generator")
    (tags resistor)
    (path /5B966EC0)
    (attr smd)
    (fp_text reference R8 (at 0 -1.25 180) (layer B.SilkS)
      (effects (font (size 1 1) (thickness 0.15)) (justify mirror))
    )
    (fp_text value 10K (at 0 0 180) (layer B.Fab)
      (effects (font (size 1 1) (thickness 0.15)) (justify mirror))
    )
    (fp_line (start -0.8 -0.4) (end -0.8 0.4) (layer B.Fab) (width 0.1))
    (fp_line (start -0.8 0.4) (end 0.8 0.4) (layer B.Fab) (width 0.1))
    (fp_line (start 0.8 0.4) (end 0.8 -0.4) (layer B.Fab) (width 0.1))
    (fp_line (start 0.8 -0.4) (end -0.8 -0.4) (layer B.Fab) (width 0.1))
    (fp_line (start -0.162779 0.51) (end 0.162779 0.51) (layer B.SilkS) (width 0.12))
    (fp_line (start -0.162779 -0.51) (end 0.162779 -0.51) (layer B.SilkS) (width 0.12))
    (fp_line (start -1.48 -0.73) (end -1.48 0.73) (layer B.CrtYd) (width 0.05))
    (fp_line (start -1.48 0.73) (end 1.48 0.73) (layer B.CrtYd) (width 0.05))
    (fp_line (start 1.48 0.73) (end 1.48 -0.73) (layer B.CrtYd) (width 0.05))
    (fp_line (start 1.48 -0.73) (end -1.48 -0.73) (layer B.CrtYd) (width 0.05))
    (fp_text user %R (at 0 0 180) (layer B.Fab)
      (effects (font (size 0.4 0.4) (thickness 0.06)) (justify mirror))
    )
    (pad 1 smd roundrect (at -0.7875 0 180) (size 0.875 0.95) (layers B.Cu B.Paste B.Mask) (roundrect_rratio 0.25)
      (net 2 +3V3))
    (pad 2 smd roundrect (at 0.7875 0 180) (size 0.875 0.95) (layers B.Cu B.Paste B.Mask) (roundrect_rratio 0.25)
      (net 13 MCP2_INT))
    (model ${KISYS3DMOD}/Resistor_SMD.3dshapes/R_0603_1608Metric.wrl
      (at (xyz 0 0 0))
      (scale (xyz 1 1 1))
      (rotate (xyz 0 0 0))
    )
  )

  (module Resistor_SMD:R_0603_1608Metric (layer B.Cu) (tedit 5B301BBD) (tstamp 5B98C218)
    (at 87.3675 68.965)
    (descr "Resistor SMD 0603 (1608 Metric), square (rectangular) end terminal, IPC_7351 nominal, (Body size source: http://www.tortai-tech.com/upload/download/2011102023233369053.pdf), generated with kicad-footprint-generator")
    (tags resistor)
    (path /5B374CF6)
    (attr smd)
    (fp_text reference R9 (at 0 1.25) (layer B.SilkS)
      (effects (font (size 1 1) (thickness 0.15)) (justify mirror))
    )
    (fp_text value 10K (at 0 0) (layer B.Fab)
      (effects (font (size 1 1) (thickness 0.15)) (justify mirror))
    )
    (fp_text user %R (at 0 0) (layer B.Fab)
      (effects (font (size 0.4 0.4) (thickness 0.06)) (justify mirror))
    )
    (fp_line (start 1.48 -0.73) (end -1.48 -0.73) (layer B.CrtYd) (width 0.05))
    (fp_line (start 1.48 0.73) (end 1.48 -0.73) (layer B.CrtYd) (width 0.05))
    (fp_line (start -1.48 0.73) (end 1.48 0.73) (layer B.CrtYd) (width 0.05))
    (fp_line (start -1.48 -0.73) (end -1.48 0.73) (layer B.CrtYd) (width 0.05))
    (fp_line (start -0.162779 -0.51) (end 0.162779 -0.51) (layer B.SilkS) (width 0.12))
    (fp_line (start -0.162779 0.51) (end 0.162779 0.51) (layer B.SilkS) (width 0.12))
    (fp_line (start 0.8 -0.4) (end -0.8 -0.4) (layer B.Fab) (width 0.1))
    (fp_line (start 0.8 0.4) (end 0.8 -0.4) (layer B.Fab) (width 0.1))
    (fp_line (start -0.8 0.4) (end 0.8 0.4) (layer B.Fab) (width 0.1))
    (fp_line (start -0.8 -0.4) (end -0.8 0.4) (layer B.Fab) (width 0.1))
    (pad 2 smd roundrect (at 0.7875 0) (size 0.875 0.95) (layers B.Cu B.Paste B.Mask) (roundrect_rratio 0.25)
      (net 5 SPI1_CS1))
    (pad 1 smd roundrect (at -0.7875 0) (size 0.875 0.95) (layers B.Cu B.Paste B.Mask) (roundrect_rratio 0.25)
      (net 2 +3V3))
    (model ${KISYS3DMOD}/Resistor_SMD.3dshapes/R_0603_1608Metric.wrl
      (at (xyz 0 0 0))
      (scale (xyz 1 1 1))
      (rotate (xyz 0 0 0))
    )
  )

  (module Resistor_SMD:R_0603_1608Metric (layer B.Cu) (tedit 5B301BBD) (tstamp 5B98C207)
    (at 84.3675 68.965 180)
    (descr "Resistor SMD 0603 (1608 Metric), square (rectangular) end terminal, IPC_7351 nominal, (Body size source: http://www.tortai-tech.com/upload/download/2011102023233369053.pdf), generated with kicad-footprint-generator")
    (tags resistor)
    (path /5B966ECD)
    (attr smd)
    (fp_text reference R10 (at 0 -1.25 180) (layer B.SilkS)
      (effects (font (size 1 1) (thickness 0.15)) (justify mirror))
    )
    (fp_text value 10K (at 0 0 180) (layer B.Fab)
      (effects (font (size 1 1) (thickness 0.15)) (justify mirror))
    )
    (fp_line (start -0.8 -0.4) (end -0.8 0.4) (layer B.Fab) (width 0.1))
    (fp_line (start -0.8 0.4) (end 0.8 0.4) (layer B.Fab) (width 0.1))
    (fp_line (start 0.8 0.4) (end 0.8 -0.4) (layer B.Fab) (width 0.1))
    (fp_line (start 0.8 -0.4) (end -0.8 -0.4) (layer B.Fab) (width 0.1))
    (fp_line (start -0.162779 0.51) (end 0.162779 0.51) (layer B.SilkS) (width 0.12))
    (fp_line (start -0.162779 -0.51) (end 0.162779 -0.51) (layer B.SilkS) (width 0.12))
    (fp_line (start -1.48 -0.73) (end -1.48 0.73) (layer B.CrtYd) (width 0.05))
    (fp_line (start -1.48 0.73) (end 1.48 0.73) (layer B.CrtYd) (width 0.05))
    (fp_line (start 1.48 0.73) (end 1.48 -0.73) (layer B.CrtYd) (width 0.05))
    (fp_line (start 1.48 -0.73) (end -1.48 -0.73) (layer B.CrtYd) (width 0.05))
    (fp_text user %R (at 0 0 180) (layer B.Fab)
      (effects (font (size 0.4 0.4) (thickness 0.06)) (justify mirror))
    )
    (pad 1 smd roundrect (at -0.7875 0 180) (size 0.875 0.95) (layers B.Cu B.Paste B.Mask) (roundrect_rratio 0.25)
      (net 2 +3V3))
    (pad 2 smd roundrect (at 0.7875 0 180) (size 0.875 0.95) (layers B.Cu B.Paste B.Mask) (roundrect_rratio 0.25)
      (net 6 MCP3_INT))
    (model ${KISYS3DMOD}/Resistor_SMD.3dshapes/R_0603_1608Metric.wrl
      (at (xyz 0 0 0))
      (scale (xyz 1 1 1))
      (rotate (xyz 0 0 0))
    )
  )

  (module Resistor_SMD:R_0603_1608Metric (layer B.Cu) (tedit 5B20DC38) (tstamp 5B3AA5ED)
    (at 93.3675 41.965 180)
    (descr "Resistor SMD 0603 (1608 Metric), square (rectangular) end terminal, IPC_7351 nominal, (Body size source: http://www.tortai-tech.com/upload/download/2011102023233369053.pdf), generated with kicad-footprint-generator")
    (tags resistor)
    (path /5B370E31)
    (attr smd)
    (fp_text reference R4 (at 0 -1.25 180) (layer B.SilkS)
      (effects (font (size 1 1) (thickness 0.15)) (justify mirror))
    )
    (fp_text value 10K (at 0 0 180) (layer B.Fab)
      (effects (font (size 1 1) (thickness 0.15)) (justify mirror))
    )
    (fp_line (start -0.8 -0.4) (end -0.8 0.4) (layer B.Fab) (width 0.1))
    (fp_line (start -0.8 0.4) (end 0.8 0.4) (layer B.Fab) (width 0.1))
    (fp_line (start 0.8 0.4) (end 0.8 -0.4) (layer B.Fab) (width 0.1))
    (fp_line (start 0.8 -0.4) (end -0.8 -0.4) (layer B.Fab) (width 0.1))
    (fp_line (start -0.162779 0.51) (end 0.162779 0.51) (layer B.SilkS) (width 0.12))
    (fp_line (start -0.162779 -0.51) (end 0.162779 -0.51) (layer B.SilkS) (width 0.12))
    (fp_line (start -1.48 -0.73) (end -1.48 0.73) (layer B.CrtYd) (width 0.05))
    (fp_line (start -1.48 0.73) (end 1.48 0.73) (layer B.CrtYd) (width 0.05))
    (fp_line (start 1.48 0.73) (end 1.48 -0.73) (layer B.CrtYd) (width 0.05))
    (fp_line (start 1.48 -0.73) (end -1.48 -0.73) (layer B.CrtYd) (width 0.05))
    (fp_text user %R (at 0 0 180) (layer B.Fab)
      (effects (font (size 0.4 0.4) (thickness 0.06)) (justify mirror))
    )
    (pad 1 smd roundrect (at -0.7875 0 180) (size 0.875 0.95) (layers B.Cu B.Paste B.Mask) (roundrect_rratio 0.25)
      (net 2 +3V3))
    (pad 2 smd roundrect (at 0.7875 0 180) (size 0.875 0.95) (layers B.Cu B.Paste B.Mask) (roundrect_rratio 0.25)
      (net 14 MCP0_INT))
    (model ${KISYS3DMOD}/Resistor_SMD.3dshapes/R_0603_1608Metric.wrl
      (at (xyz 0 0 0))
      (scale (xyz 1 1 1))
      (rotate (xyz 0 0 0))
    )
  )

  (module Resistor_SMD:R_0603_1608Metric (layer B.Cu) (tedit 5B20DC38) (tstamp 5B3AFC95)
    (at 96.3675 41.965)
    (descr "Resistor SMD 0603 (1608 Metric), square (rectangular) end terminal, IPC_7351 nominal, (Body size source: http://www.tortai-tech.com/upload/download/2011102023233369053.pdf), generated with kicad-footprint-generator")
    (tags resistor)
    (path /5B966EA6)
    (attr smd)
    (fp_text reference R3 (at 0 1.25) (layer B.SilkS)
      (effects (font (size 1 1) (thickness 0.15)) (justify mirror))
    )
    (fp_text value 10K (at 0 0) (layer B.Fab)
      (effects (font (size 1 1) (thickness 0.15)) (justify mirror))
    )
    (fp_text user %R (at 0 0) (layer B.Fab)
      (effects (font (size 0.4 0.4) (thickness 0.06)) (justify mirror))
    )
    (fp_line (start 1.48 -0.73) (end -1.48 -0.73) (layer B.CrtYd) (width 0.05))
    (fp_line (start 1.48 0.73) (end 1.48 -0.73) (layer B.CrtYd) (width 0.05))
    (fp_line (start -1.48 0.73) (end 1.48 0.73) (layer B.CrtYd) (width 0.05))
    (fp_line (start -1.48 -0.73) (end -1.48 0.73) (layer B.CrtYd) (width 0.05))
    (fp_line (start -0.162779 -0.51) (end 0.162779 -0.51) (layer B.SilkS) (width 0.12))
    (fp_line (start -0.162779 0.51) (end 0.162779 0.51) (layer B.SilkS) (width 0.12))
    (fp_line (start 0.8 -0.4) (end -0.8 -0.4) (layer B.Fab) (width 0.1))
    (fp_line (start 0.8 0.4) (end 0.8 -0.4) (layer B.Fab) (width 0.1))
    (fp_line (start -0.8 0.4) (end 0.8 0.4) (layer B.Fab) (width 0.1))
    (fp_line (start -0.8 -0.4) (end -0.8 0.4) (layer B.Fab) (width 0.1))
    (pad 2 smd roundrect (at 0.7875 0) (size 0.875 0.95) (layers B.Cu B.Paste B.Mask) (roundrect_rratio 0.25)
      (net 12 SPI0_CS0))
    (pad 1 smd roundrect (at -0.7875 0) (size 0.875 0.95) (layers B.Cu B.Paste B.Mask) (roundrect_rratio 0.25)
      (net 2 +3V3))
    (model ${KISYS3DMOD}/Resistor_SMD.3dshapes/R_0603_1608Metric.wrl
      (at (xyz 0 0 0))
      (scale (xyz 1 1 1))
      (rotate (xyz 0 0 0))
    )
  )

  (module Resistor_SMD:R_0603_1608Metric (layer B.Cu) (tedit 5B20DC38) (tstamp 5B3AA5CB)
    (at 96.3675 53.965)
    (descr "Resistor SMD 0603 (1608 Metric), square (rectangular) end terminal, IPC_7351 nominal, (Body size source: http://www.tortai-tech.com/upload/download/2011102023233369053.pdf), generated with kicad-footprint-generator")
    (tags resistor)
    (path /5B97E554)
    (attr smd)
    (fp_text reference R2 (at -2.5145 0) (layer B.SilkS)
      (effects (font (size 1 1) (thickness 0.15)) (justify mirror))
    )
    (fp_text value 3K9 (at 0 0) (layer B.Fab)
      (effects (font (size 1 1) (thickness 0.15)) (justify mirror))
    )
    (fp_line (start -0.8 -0.4) (end -0.8 0.4) (layer B.Fab) (width 0.1))
    (fp_line (start -0.8 0.4) (end 0.8 0.4) (layer B.Fab) (width 0.1))
    (fp_line (start 0.8 0.4) (end 0.8 -0.4) (layer B.Fab) (width 0.1))
    (fp_line (start 0.8 -0.4) (end -0.8 -0.4) (layer B.Fab) (width 0.1))
    (fp_line (start -0.162779 0.51) (end 0.162779 0.51) (layer B.SilkS) (width 0.12))
    (fp_line (start -0.162779 -0.51) (end 0.162779 -0.51) (layer B.SilkS) (width 0.12))
    (fp_line (start -1.48 -0.73) (end -1.48 0.73) (layer B.CrtYd) (width 0.05))
    (fp_line (start -1.48 0.73) (end 1.48 0.73) (layer B.CrtYd) (width 0.05))
    (fp_line (start 1.48 0.73) (end 1.48 -0.73) (layer B.CrtYd) (width 0.05))
    (fp_line (start 1.48 -0.73) (end -1.48 -0.73) (layer B.CrtYd) (width 0.05))
    (fp_text user %R (at 0 0) (layer B.Fab)
      (effects (font (size 0.4 0.4) (thickness 0.06)) (justify mirror))
    )
    (pad 1 smd roundrect (at -0.7875 0) (size 0.875 0.95) (layers B.Cu B.Paste B.Mask) (roundrect_rratio 0.25)
      (net 2 +3V3))
    (pad 2 smd roundrect (at 0.7875 0) (size 0.875 0.95) (layers B.Cu B.Paste B.Mask) (roundrect_rratio 0.25)
      (net 64 ID_SD))
    (model ${KISYS3DMOD}/Resistor_SMD.3dshapes/R_0603_1608Metric.wrl
      (at (xyz 0 0 0))
      (scale (xyz 1 1 1))
      (rotate (xyz 0 0 0))
    )
  )

  (module Resistor_SMD:R_0603_1608Metric (layer B.Cu) (tedit 5B20DC38) (tstamp 5B3AA5BA)
    (at 96.3675 52.465)
    (descr "Resistor SMD 0603 (1608 Metric), square (rectangular) end terminal, IPC_7351 nominal, (Body size source: http://www.tortai-tech.com/upload/download/2011102023233369053.pdf), generated with kicad-footprint-generator")
    (tags resistor)
    (path /5B97E560)
    (attr smd)
    (fp_text reference R1 (at -2.5 0) (layer B.SilkS)
      (effects (font (size 1 1) (thickness 0.15)) (justify mirror))
    )
    (fp_text value 3K9 (at 0 0) (layer B.Fab)
      (effects (font (size 1 1) (thickness 0.15)) (justify mirror))
    )
    (fp_text user %R (at 0 0) (layer B.Fab)
      (effects (font (size 0.4 0.4) (thickness 0.06)) (justify mirror))
    )
    (fp_line (start 1.48 -0.73) (end -1.48 -0.73) (layer B.CrtYd) (width 0.05))
    (fp_line (start 1.48 0.73) (end 1.48 -0.73) (layer B.CrtYd) (width 0.05))
    (fp_line (start -1.48 0.73) (end 1.48 0.73) (layer B.CrtYd) (width 0.05))
    (fp_line (start -1.48 -0.73) (end -1.48 0.73) (layer B.CrtYd) (width 0.05))
    (fp_line (start -0.162779 -0.51) (end 0.162779 -0.51) (layer B.SilkS) (width 0.12))
    (fp_line (start -0.162779 0.51) (end 0.162779 0.51) (layer B.SilkS) (width 0.12))
    (fp_line (start 0.8 -0.4) (end -0.8 -0.4) (layer B.Fab) (width 0.1))
    (fp_line (start 0.8 0.4) (end 0.8 -0.4) (layer B.Fab) (width 0.1))
    (fp_line (start -0.8 0.4) (end 0.8 0.4) (layer B.Fab) (width 0.1))
    (fp_line (start -0.8 -0.4) (end -0.8 0.4) (layer B.Fab) (width 0.1))
    (pad 2 smd roundrect (at 0.7875 0) (size 0.875 0.95) (layers B.Cu B.Paste B.Mask) (roundrect_rratio 0.25)
      (net 65 ID_SC))
    (pad 1 smd roundrect (at -0.7875 0) (size 0.875 0.95) (layers B.Cu B.Paste B.Mask) (roundrect_rratio 0.25)
      (net 2 +3V3))
    (model ${KISYS3DMOD}/Resistor_SMD.3dshapes/R_0603_1608Metric.wrl
      (at (xyz 0 0 0))
      (scale (xyz 1 1 1))
      (rotate (xyz 0 0 0))
    )
  )

  (module Oscillator:Oscillator_SMD_Abracon_ASV-4Pin_7.0x5.1mm (layer F.Cu) (tedit 58CD3344) (tstamp 5B98C893)
    (at 86.3675 51.965 270)
    (descr "Miniature Crystal Clock Oscillator Abracon ASV series, http://www.abracon.com/Oscillators/ASV.pdf, 7.0x5.1mm^2 package")
    (tags "SMD SMT crystal oscillator")
    (path /5B35F196)
    (attr smd)
    (fp_text reference X1 (at -4.4 0) (layer F.SilkS)
      (effects (font (size 1 1) (thickness 0.15)))
    )
    (fp_text value ASV-20MHz (at -0.9 3.4 90) (layer F.Fab)
      (effects (font (size 1 1) (thickness 0.15)))
    )
    (fp_text user %R (at 0 0 270) (layer F.Fab)
      (effects (font (size 1 1) (thickness 0.15)))
    )
    (fp_line (start -3.4 -2.54) (end 3.4 -2.54) (layer F.Fab) (width 0.1))
    (fp_line (start 3.4 -2.54) (end 3.5 -2.44) (layer F.Fab) (width 0.1))
    (fp_line (start 3.5 -2.44) (end 3.5 2.44) (layer F.Fab) (width 0.1))
    (fp_line (start 3.5 2.44) (end 3.4 2.54) (layer F.Fab) (width 0.1))
    (fp_line (start 3.4 2.54) (end -3.4 2.54) (layer F.Fab) (width 0.1))
    (fp_line (start -3.4 2.54) (end -3.5 2.44) (layer F.Fab) (width 0.1))
    (fp_line (start -3.5 2.44) (end -3.5 -2.44) (layer F.Fab) (width 0.1))
    (fp_line (start -3.5 -2.44) (end -3.4 -2.54) (layer F.Fab) (width 0.1))
    (fp_line (start -3.5 1.54) (end -2.5 2.54) (layer F.Fab) (width 0.1))
    (fp_line (start 3.64 -2.74) (end 3.7 -2.74) (layer F.SilkS) (width 0.12))
    (fp_line (start 3.7 -2.74) (end 3.7 2.74) (layer F.SilkS) (width 0.12))
    (fp_line (start 3.7 2.74) (end 3.64 2.74) (layer F.SilkS) (width 0.12))
