(kicad_pcb (version 20171130) (host pcbnew 5.0.0-rc2-unknown-06ff563~65~ubuntu18.04.1)

  (general
    (thickness 1.6)
    (drawings 8)
    (tracks 883)
    (zones 0)
    (modules 44)
    (nets 43)
  )

  (page A4)
  (layers
    (0 F.Cu signal)
    (31 B.Cu signal)
    (32 B.Adhes user)
    (33 F.Adhes user)
    (34 B.Paste user)
    (35 F.Paste user)
    (36 B.SilkS user)
    (37 F.SilkS user)
    (38 B.Mask user)
    (39 F.Mask user)
    (40 Dwgs.User user)
    (41 Cmts.User user)
    (42 Eco1.User user)
    (43 Eco2.User user)
    (44 Edge.Cuts user)
    (45 Margin user)
    (46 B.CrtYd user)
    (47 F.CrtYd user)
    (48 B.Fab user)
    (49 F.Fab user)
  )

  (setup
    (last_trace_width 0.1524)
    (trace_clearance 0.1524)
    (zone_clearance 0.2)
    (zone_45_only no)
    (trace_min 0.1524)
    (segment_width 0.2)
    (edge_width 0.15)
    (via_size 0.6858)
    (via_drill 0.3302)
    (via_min_size 0.508)
    (via_min_drill 0.254)
    (uvia_size 0.6858)
    (uvia_drill 0.3302)
    (uvias_allowed no)
    (uvia_min_size 0.2)
    (uvia_min_drill 0.1)
    (pcb_text_width 0.3)
    (pcb_text_size 1.5 1.5)
    (mod_edge_width 0.15)
    (mod_text_size 1 1)
    (mod_text_width 0.15)
    (pad_size 1.524 1.524)
    (pad_drill 0.762)
    (pad_to_mask_clearance 0.0508)
    (aux_axis_origin 0 0)
    (grid_origin 96.3675 37.465)
    (visible_elements FFFFFF7F)
    (pcbplotparams
      (layerselection 0x010fc_ffffffff)
      (usegerberextensions true)
      (usegerberattributes false)
      (usegerberadvancedattributes false)
      (creategerberjobfile false)
      (excludeedgelayer true)
      (linewidth 0.100000)
      (plotframeref false)
      (viasonmask false)
      (mode 1)
      (useauxorigin false)
      (hpglpennumber 1)
      (hpglpenspeed 20)
      (hpglpendiameter 15.000000)
      (psnegative false)
      (psa4output false)
      (plotreference true)
      (plotvalue true)
      (plotinvisibletext false)
      (padsonsilk false)
      (subtractmaskfromsilk false)
      (outputformat 1)
      (mirror false)
      (drillshape 0)
      (scaleselection 1)
      (outputdirectory "gerber"))
  )

  (net 0 "")
  (net 1 GND)
  (net 2 +3V3)
  (net 3 +5V)
  (net 4 MCP1_INT)
  (net 5 MCP1_INT0)
  (net 6 MCP1_INT1)
  (net 7 SPI1_CS1)
  (net 8 MCP3_INT)
  (net 9 MCP3_INT0)
  (net 10 MCP3_INT1)
  (net 11 SPI1_CS0)
  (net 12 SPI0_MOSI)
  (net 13 SPI0_MISO)
  (net 14 SPI0_SCK)
  (net 15 SPI0_CS1)
  (net 16 SPI0_CS0)
  (net 17 MCP2_INT)
  (net 18 MCP2_INT0)
  (net 19 MCP2_INT1)
  (net 20 MCP0_INT)
  (net 21 MCP0_INT0)
  (net 22 MCP0_INT1)
  (net 23 SPI1_MISO)
  (net 24 SPI1_MOSI)
  (net 25 SPI1_SCK)
  (net 26 CAN0_L)
  (net 27 CAN1_L)
  (net 28 CAN2_L)
  (net 29 CAN3_L)
  (net 30 CAN3_H)
  (net 31 CAN2_H)
  (net 32 CAN1_H)
  (net 33 CAN0_H)
  (net 34 "Net-(U1-Pad1)")
  (net 35 "Net-(U1-Pad2)")
  (net 36 CLK-20MHz)
  (net 37 "Net-(U2-Pad2)")
  (net 38 "Net-(U2-Pad1)")
  (net 39 "Net-(U3-Pad1)")
  (net 40 "Net-(U3-Pad2)")
  (net 41 "Net-(U4-Pad2)")
  (net 42 "Net-(U4-Pad1)")

  (net_class Default "This is the default net class."
    (clearance 0.1524)
    (trace_width 0.1524)
    (via_dia 0.6858)
    (via_drill 0.3302)
    (uvia_dia 0.6858)
    (uvia_drill 0.3302)
    (add_net CAN0_H)
    (add_net CAN0_L)
    (add_net CAN1_H)
    (add_net CAN1_L)
    (add_net CAN2_H)
    (add_net CAN2_L)
    (add_net CAN3_H)
    (add_net CAN3_L)
    (add_net CLK-20MHz)
    (add_net GND)
    (add_net MCP0_INT)
    (add_net MCP0_INT0)
    (add_net MCP0_INT1)
    (add_net MCP1_INT)
    (add_net MCP1_INT0)
    (add_net MCP1_INT1)
    (add_net MCP2_INT)
    (add_net MCP2_INT0)
    (add_net MCP2_INT1)
    (add_net MCP3_INT)
    (add_net MCP3_INT0)
    (add_net MCP3_INT1)
    (add_net "Net-(U1-Pad1)")
    (add_net "Net-(U1-Pad2)")
    (add_net "Net-(U2-Pad1)")
    (add_net "Net-(U2-Pad2)")
    (add_net "Net-(U3-Pad1)")
    (add_net "Net-(U3-Pad2)")
    (add_net "Net-(U4-Pad1)")
    (add_net "Net-(U4-Pad2)")
    (add_net SPI0_CS0)
    (add_net SPI0_CS1)
    (add_net SPI0_MISO)
    (add_net SPI0_MOSI)
    (add_net SPI0_SCK)
    (add_net SPI1_CS0)
    (add_net SPI1_CS1)
    (add_net SPI1_MISO)
    (add_net SPI1_MOSI)
    (add_net SPI1_SCK)
  )

  (net_class pwr ""
    (clearance 0.1524)
    (trace_width 0.25)
    (via_dia 0.9)
    (via_drill 0.45)
    (uvia_dia 0.9)
    (uvia_drill 0.45)
    (add_net +3V3)
    (add_net +5V)
  )

  (module Resistor_SMD:R_0603_1608Metric (layer B.Cu) (tedit 5B20DC38) (tstamp 5B3AA5FE)
    (at 88.265 43.18 180)
    (descr "Resistor SMD 0603 (1608 Metric), square (rectangular) end terminal, IPC_7351 nominal, (Body size source: http://www.tortai-tech.com/upload/download/2011102023233369053.pdf), generated with kicad-footprint-generator")
    (tags resistor)
    (path /5B373D93)
    (attr smd)
    (fp_text reference R6 (at -2.5145 -0.127 180) (layer B.SilkS)
      (effects (font (size 1 1) (thickness 0.15)) (justify mirror))
    )
    (fp_text value 10K (at 2.4385 0 180) (layer B.Fab)
      (effects (font (size 1 1) (thickness 0.15)) (justify mirror))
    )
    (fp_text user %R (at 0 0 180) (layer B.Fab)
      (effects (font (size 0.4 0.4) (thickness 0.06)) (justify mirror))
    )
    (fp_line (start 1.48 -0.73) (end -1.48 -0.73) (layer B.CrtYd) (width 0.05))
    (fp_line (start 1.48 0.73) (end 1.48 -0.73) (layer B.CrtYd) (width 0.05))
    (fp_line (start -1.48 0.73) (end 1.48 0.73) (layer B.CrtYd) (width 0.05))
    (fp_line (start -1.48 -0.73) (end -1.48 0.73) (layer B.CrtYd) (width 0.05))
    (fp_line (start -0.162779 -0.51) (end 0.162779 -0.51) (layer B.SilkS) (width 0.12))
    (fp_line (start -0.162779 0.51) (end 0.162779 0.51) (layer B.SilkS) (width 0.12))
    (fp_line (start 0.8 -0.4) (end -0.8 -0.4) (layer B.Fab) (width 0.1))
    (fp_line (start 0.8 0.4) (end 0.8 -0.4) (layer B.Fab) (width 0.1))
    (fp_line (start -0.8 0.4) (end 0.8 0.4) (layer B.Fab) (width 0.1))
    (fp_line (start -0.8 -0.4) (end -0.8 0.4) (layer B.Fab) (width 0.1))
    (pad 2 smd roundrect (at 0.7875 0 180) (size 0.875 0.95) (layers B.Cu B.Paste B.Mask) (roundrect_rratio 0.25)
      (net 5 MCP1_INT0))
    (pad 1 smd roundrect (at -0.7875 0 180) (size 0.875 0.95) (layers B.Cu B.Paste B.Mask) (roundrect_rratio 0.25)
      (net 2 +3V3))
    (model ${KISYS3DMOD}/Resistor_SMD.3dshapes/R_0603_1608Metric.wrl
      (at (xyz 0 0 0))
      (scale (xyz 1 1 1))
      (rotate (xyz 0 0 0))
    )
  )

  (module Resistor_SMD:R_0603_1608Metric (layer B.Cu) (tedit 5B20DC38) (tstamp 5B3AA5ED)
    (at 97.155 37.465 180)
    (descr "Resistor SMD 0603 (1608 Metric), square (rectangular) end terminal, IPC_7351 nominal, (Body size source: http://www.tortai-tech.com/upload/download/2011102023233369053.pdf), generated with kicad-footprint-generator")
    (tags resistor)
    (path /5B370E31)
    (attr smd)
    (fp_text reference R4 (at -2.3875 0 180) (layer B.SilkS)
      (effects (font (size 1 1) (thickness 0.15)) (justify mirror))
    )
    (fp_text value 10K (at -2.3875 0 180) (layer B.Fab)
      (effects (font (size 1 1) (thickness 0.15)) (justify mirror))
    )
    (fp_line (start -0.8 -0.4) (end -0.8 0.4) (layer B.Fab) (width 0.1))
    (fp_line (start -0.8 0.4) (end 0.8 0.4) (layer B.Fab) (width 0.1))
    (fp_line (start 0.8 0.4) (end 0.8 -0.4) (layer B.Fab) (width 0.1))
    (fp_line (start 0.8 -0.4) (end -0.8 -0.4) (layer B.Fab) (width 0.1))
    (fp_line (start -0.162779 0.51) (end 0.162779 0.51) (layer B.SilkS) (width 0.12))
    (fp_line (start -0.162779 -0.51) (end 0.162779 -0.51) (layer B.SilkS) (width 0.12))
    (fp_line (start -1.48 -0.73) (end -1.48 0.73) (layer B.CrtYd) (width 0.05))
    (fp_line (start -1.48 0.73) (end 1.48 0.73) (layer B.CrtYd) (width 0.05))
    (fp_line (start 1.48 0.73) (end 1.48 -0.73) (layer B.CrtYd) (width 0.05))
    (fp_line (start 1.48 -0.73) (end -1.48 -0.73) (layer B.CrtYd) (width 0.05))
    (fp_text user %R (at 0 0 180) (layer B.Fab)
      (effects (font (size 0.4 0.4) (thickness 0.06)) (justify mirror))
    )
    (pad 1 smd roundrect (at -0.7875 0 180) (size 0.875 0.95) (layers B.Cu B.Paste B.Mask) (roundrect_rratio 0.25)
      (net 2 +3V3))
    (pad 2 smd roundrect (at 0.7875 0 180) (size 0.875 0.95) (layers B.Cu B.Paste B.Mask) (roundrect_rratio 0.25)
      (net 20 MCP0_INT))
    (model ${KISYS3DMOD}/Resistor_SMD.3dshapes/R_0603_1608Metric.wrl
      (at (xyz 0 0 0))
      (scale (xyz 1 1 1))
      (rotate (xyz 0 0 0))
    )
  )

  (module Resistor_SMD:R_0603_1608Metric (layer B.Cu) (tedit 5B20DC38) (tstamp 5B3AFC95)
    (at 97.155 64.135)
    (descr "Resistor SMD 0603 (1608 Metric), square (rectangular) end terminal, IPC_7351 nominal, (Body size source: http://www.tortai-tech.com/upload/download/2011102023233369053.pdf), generated with kicad-footprint-generator")
    (tags resistor)
    (path /5B374CCF)
    (attr smd)
    (fp_text reference R3 (at 2.5145 0) (layer B.SilkS)
      (effects (font (size 1 1) (thickness 0.15)) (justify mirror))
    )
    (fp_text value 10K (at 2.2605 0) (layer B.Fab)
      (effects (font (size 1 1) (thickness 0.15)) (justify mirror))
    )
    (fp_text user %R (at 0 0) (layer B.Fab)
      (effects (font (size 0.4 0.4) (thickness 0.06)) (justify mirror))
    )
    (fp_line (start 1.48 -0.73) (end -1.48 -0.73) (layer B.CrtYd) (width 0.05))
    (fp_line (start 1.48 0.73) (end 1.48 -0.73) (layer B.CrtYd) (width 0.05))
    (fp_line (start -1.48 0.73) (end 1.48 0.73) (layer B.CrtYd) (width 0.05))
    (fp_line (start -1.48 -0.73) (end -1.48 0.73) (layer B.CrtYd) (width 0.05))
    (fp_line (start -0.162779 -0.51) (end 0.162779 -0.51) (layer B.SilkS) (width 0.12))
    (fp_line (start -0.162779 0.51) (end 0.162779 0.51) (layer B.SilkS) (width 0.12))
    (fp_line (start 0.8 -0.4) (end -0.8 -0.4) (layer B.Fab) (width 0.1))
    (fp_line (start 0.8 0.4) (end 0.8 -0.4) (layer B.Fab) (width 0.1))
    (fp_line (start -0.8 0.4) (end 0.8 0.4) (layer B.Fab) (width 0.1))
    (fp_line (start -0.8 -0.4) (end -0.8 0.4) (layer B.Fab) (width 0.1))
    (pad 2 smd roundrect (at 0.7875 0) (size 0.875 0.95) (layers B.Cu B.Paste B.Mask) (roundrect_rratio 0.25)
      (net 17 MCP2_INT))
    (pad 1 smd roundrect (at -0.7875 0) (size 0.875 0.95) (layers B.Cu B.Paste B.Mask) (roundrect_rratio 0.25)
      (net 2 +3V3))
    (model ${KISYS3DMOD}/Resistor_SMD.3dshapes/R_0603_1608Metric.wrl
      (at (xyz 0 0 0))
      (scale (xyz 1 1 1))
      (rotate (xyz 0 0 0))
    )
  )

  (module Resistor_SMD:R_0603_1608Metric (layer B.Cu) (tedit 5B20DC38) (tstamp 5B3AA5CB)
    (at 88.265 37.465 180)
    (descr "Resistor SMD 0603 (1608 Metric), square (rectangular) end terminal, IPC_7351 nominal, (Body size source: http://www.tortai-tech.com/upload/download/2011102023233369053.pdf), generated with kicad-footprint-generator")
    (tags resistor)
    (path /5B373D8D)
    (attr smd)
    (fp_text reference R2 (at -2.5145 0 180) (layer B.SilkS)
      (effects (font (size 1 1) (thickness 0.15)) (justify mirror))
    )
    (fp_text value 10K (at -2.2605 0 180) (layer B.Fab)
      (effects (font (size 1 1) (thickness 0.15)) (justify mirror))
    )
    (fp_line (start -0.8 -0.4) (end -0.8 0.4) (layer B.Fab) (width 0.1))
    (fp_line (start -0.8 0.4) (end 0.8 0.4) (layer B.Fab) (width 0.1))
    (fp_line (start 0.8 0.4) (end 0.8 -0.4) (layer B.Fab) (width 0.1))
    (fp_line (start 0.8 -0.4) (end -0.8 -0.4) (layer B.Fab) (width 0.1))
    (fp_line (start -0.162779 0.51) (end 0.162779 0.51) (layer B.SilkS) (width 0.12))
    (fp_line (start -0.162779 -0.51) (end 0.162779 -0.51) (layer B.SilkS) (width 0.12))
    (fp_line (start -1.48 -0.73) (end -1.48 0.73) (layer B.CrtYd) (width 0.05))
    (fp_line (start -1.48 0.73) (end 1.48 0.73) (layer B.CrtYd) (width 0.05))
    (fp_line (start 1.48 0.73) (end 1.48 -0.73) (layer B.CrtYd) (width 0.05))
    (fp_line (start 1.48 -0.73) (end -1.48 -0.73) (layer B.CrtYd) (width 0.05))
    (fp_text user %R (at 0 0 180) (layer B.Fab)
      (effects (font (size 0.4 0.4) (thickness 0.06)) (justify mirror))
    )
    (pad 1 smd roundrect (at -0.7875 0 180) (size 0.875 0.95) (layers B.Cu B.Paste B.Mask) (roundrect_rratio 0.25)
      (net 2 +3V3))
    (pad 2 smd roundrect (at 0.7875 0 180) (size 0.875 0.95) (layers B.Cu B.Paste B.Mask) (roundrect_rratio 0.25)
      (net 4 MCP1_INT))
    (model ${KISYS3DMOD}/Resistor_SMD.3dshapes/R_0603_1608Metric.wrl
      (at (xyz 0 0 0))
      (scale (xyz 1 1 1))
      (rotate (xyz 0 0 0))
    )
  )

  (module Resistor_SMD:R_0603_1608Metric (layer B.Cu) (tedit 5B20DC38) (tstamp 5B3AA5BA)
    (at 88.265 64.135 180)
    (descr "Resistor SMD 0603 (1608 Metric), square (rectangular) end terminal, IPC_7351 nominal, (Body size source: http://www.tortai-tech.com/upload/download/2011102023233369053.pdf), generated with kicad-footprint-generator")
    (tags resistor)
    (path /5B374CF6)
    (attr smd)
    (fp_text reference R1 (at -2.2605 0 180) (layer B.SilkS)
      (effects (font (size 1 1) (thickness 0.15)) (justify mirror))
    )
    (fp_text value 10K (at -2.1335 0 180) (layer B.Fab)
      (effects (font (size 1 1) (thickness 0.15)) (justify mirror))
    )
    (fp_text user %R (at 0 0 180) (layer B.Fab)
      (effects (font (size 0.4 0.4) (thickness 0.06)) (justify mirror))
    )
    (fp_line (start 1.48 -0.73) (end -1.48 -0.73) (layer B.CrtYd) (width 0.05))
    (fp_line (start 1.48 0.73) (end 1.48 -0.73) (layer B.CrtYd) (width 0.05))
    (fp_line (start -1.48 0.73) (end 1.48 0.73) (layer B.CrtYd) (width 0.05))
    (fp_line (start -1.48 -0.73) (end -1.48 0.73) (layer B.CrtYd) (width 0.05))
    (fp_line (start -0.162779 -0.51) (end 0.162779 -0.51) (layer B.SilkS) (width 0.12))
    (fp_line (start -0.162779 0.51) (end 0.162779 0.51) (layer B.SilkS) (width 0.12))
    (fp_line (start 0.8 -0.4) (end -0.8 -0.4) (layer B.Fab) (width 0.1))
    (fp_line (start 0.8 0.4) (end 0.8 -0.4) (layer B.Fab) (width 0.1))
    (fp_line (start -0.8 0.4) (end 0.8 0.4) (layer B.Fab) (width 0.1))
    (fp_line (start -0.8 -0.4) (end -0.8 0.4) (layer B.Fab) (width 0.1))
    (pad 2 smd roundrect (at 0.7875 0 180) (size 0.875 0.95) (layers B.Cu B.Paste B.Mask) (roundrect_rratio 0.25)
      (net 8 MCP3_INT))
    (pad 1 smd roundrect (at -0.7875 0 180) (size 0.875 0.95) (layers B.Cu B.Paste B.Mask) (roundrect_rratio 0.25)
      (net 2 +3V3))
    (model ${KISYS3DMOD}/Resistor_SMD.3dshapes/R_0603_1608Metric.wrl
      (at (xyz 0 0 0))
      (scale (xyz 1 1 1))
      (rotate (xyz 0 0 0))
    )
  )

  (module Resistor_SMD:R_0603_1608Metric (layer B.Cu) (tedit 5B20DC38) (tstamp 5B3AA5A9)
    (at 88.265 69.85 180)
    (descr "Resistor SMD 0603 (1608 Metric), square (rectangular) end terminal, IPC_7351 nominal, (Body size source: http://www.tortai-tech.com/upload/download/2011102023233369053.pdf), generated with kicad-footprint-generator")
    (tags resistor)
    (path /5B374CFC)
    (attr smd)
    (fp_text reference R5 (at -2.3875 0 180) (layer B.SilkS)
      (effects (font (size 1 1) (thickness 0.15)) (justify mirror))
    )
    (fp_text value 10K (at 2.4385 0 180) (layer B.Fab)
      (effects (font (size 1 1) (thickness 0.15)) (justify mirror))
    )
    (fp_line (start -0.8 -0.4) (end -0.8 0.4) (layer B.Fab) (width 0.1))
    (fp_line (start -0.8 0.4) (end 0.8 0.4) (layer B.Fab) (width 0.1))
    (fp_line (start 0.8 0.4) (end 0.8 -0.4) (layer B.Fab) (width 0.1))
    (fp_line (start 0.8 -0.4) (end -0.8 -0.4) (layer B.Fab) (width 0.1))
    (fp_line (start -0.162779 0.51) (end 0.162779 0.51) (layer B.SilkS) (width 0.12))
    (fp_line (start -0.162779 -0.51) (end 0.162779 -0.51) (layer B.SilkS) (width 0.12))
    (fp_line (start -1.48 -0.73) (end -1.48 0.73) (layer B.CrtYd) (width 0.05))
    (fp_line (start -1.48 0.73) (end 1.48 0.73) (layer B.CrtYd) (width 0.05))
    (fp_line (start 1.48 0.73) (end 1.48 -0.73) (layer B.CrtYd) (width 0.05))
    (fp_line (start 1.48 -0.73) (end -1.48 -0.73) (layer B.CrtYd) (width 0.05))
    (fp_text user %R (at 0 0 180) (layer B.Fab)
      (effects (font (size 0.4 0.4) (thickness 0.06)) (justify mirror))
    )
    (pad 1 smd roundrect (at -0.7875 0 180) (size 0.875 0.95) (layers B.Cu B.Paste B.Mask) (roundrect_rratio 0.25)
      (net 2 +3V3))
    (pad 2 smd roundrect (at 0.7875 0 180) (size 0.875 0.95) (layers B.Cu B.Paste B.Mask) (roundrect_rratio 0.25)
      (net 9 MCP3_INT0))
    (model ${KISYS3DMOD}/Resistor_SMD.3dshapes/R_0603_1608Metric.wrl
      (at (xyz 0 0 0))
      (scale (xyz 1 1 1))
      (rotate (xyz 0 0 0))
    )
  )

  (module Resistor_SMD:R_0603_1608Metric (layer B.Cu) (tedit 5B20DC38) (tstamp 5B3AA598)
    (at 97.155 69.85)
    (descr "Resistor SMD 0603 (1608 Metric), square (rectangular) end terminal, IPC_7351 nominal, (Body size source: http://www.tortai-tech.com/upload/download/2011102023233369053.pdf), generated with kicad-footprint-generator")
    (tags resistor)
    (path /5B374CD5)
    (attr smd)
    (fp_text reference R7 (at 2.5145 0) (layer B.SilkS)
      (effects (font (size 1 1) (thickness 0.15)) (justify mirror))
    )
    (fp_text value 10K (at 2.3875 0) (layer B.Fab)
      (effects (font (size 1 1) (thickness 0.15)) (justify mirror))
    )
    (fp_text user %R (at 0 0) (layer B.Fab)
      (effects (font (size 0.4 0.4) (thickness 0.06)) (justify mirror))
    )
    (fp_line (start 1.48 -0.73) (end -1.48 -0.73) (layer B.CrtYd) (width 0.05))
    (fp_line (start 1.48 0.73) (end 1.48 -0.73) (layer B.CrtYd) (width 0.05))
    (fp_line (start -1.48 0.73) (end 1.48 0.73) (layer B.CrtYd) (width 0.05))
    (fp_line (start -1.48 -0.73) (end -1.48 0.73) (layer B.CrtYd) (width 0.05))
    (fp_line (start -0.162779 -0.51) (end 0.162779 -0.51) (layer B.SilkS) (width 0.12))
    (fp_line (start -0.162779 0.51) (end 0.162779 0.51) (layer B.SilkS) (width 0.12))
    (fp_line (start 0.8 -0.4) (end -0.8 -0.4) (layer B.Fab) (width 0.1))
    (fp_line (start 0.8 0.4) (end 0.8 -0.4) (layer B.Fab) (width 0.1))
    (fp_line (start -0.8 0.4) (end 0.8 0.4) (layer B.Fab) (width 0.1))
    (fp_line (start -0.8 -0.4) (end -0.8 0.4) (layer B.Fab) (width 0.1))
    (pad 2 smd roundrect (at 0.7875 0) (size 0.875 0.95) (layers B.Cu B.Paste B.Mask) (roundrect_rratio 0.25)
      (net 18 MCP2_INT0))
    (pad 1 smd roundrect (at -0.7875 0) (size 0.875 0.95) (layers B.Cu B.Paste B.Mask) (roundrect_rratio 0.25)
      (net 2 +3V3))
    (model ${KISYS3DMOD}/Resistor_SMD.3dshapes/R_0603_1608Metric.wrl
      (at (xyz 0 0 0))
      (scale (xyz 1 1 1))
      (rotate (xyz 0 0 0))
    )
  )

  (module Resistor_SMD:R_0603_1608Metric (layer B.Cu) (tedit 5B20DC38) (tstamp 5B3AA587)
    (at 97.155 43.18 180)
    (descr "Resistor SMD 0603 (1608 Metric), square (rectangular) end terminal, IPC_7351 nominal, (Body size source: http://www.tortai-tech.com/upload/download/2011102023233369053.pdf), generated with kicad-footprint-generator")
    (tags resistor)
    (path /5B370F3B)
    (attr smd)
    (fp_text reference R8 (at -2.3875 0 180) (layer B.SilkS)
      (effects (font (size 1 1) (thickness 0.15)) (justify mirror))
    )
    (fp_text value 10K (at -2.3875 0 180) (layer B.Fab)
      (effects (font (size 1 1) (thickness 0.15)) (justify mirror))
    )
    (fp_line (start -0.8 -0.4) (end -0.8 0.4) (layer B.Fab) (width 0.1))
    (fp_line (start -0.8 0.4) (end 0.8 0.4) (layer B.Fab) (width 0.1))
    (fp_line (start 0.8 0.4) (end 0.8 -0.4) (layer B.Fab) (width 0.1))
    (fp_line (start 0.8 -0.4) (end -0.8 -0.4) (layer B.Fab) (width 0.1))
    (fp_line (start -0.162779 0.51) (end 0.162779 0.51) (layer B.SilkS) (width 0.12))
    (fp_line (start -0.162779 -0.51) (end 0.162779 -0.51) (layer B.SilkS) (width 0.12))
    (fp_line (start -1.48 -0.73) (end -1.48 0.73) (layer B.CrtYd) (width 0.05))
    (fp_line (start -1.48 0.73) (end 1.48 0.73) (layer B.CrtYd) (width 0.05))
    (fp_line (start 1.48 0.73) (end 1.48 -0.73) (layer B.CrtYd) (width 0.05))
    (fp_line (start 1.48 -0.73) (end -1.48 -0.73) (layer B.CrtYd) (width 0.05))
    (fp_text user %R (at 0 0 180) (layer B.Fab)
      (effects (font (size 0.4 0.4) (thickness 0.06)) (justify mirror))
    )
    (pad 1 smd roundrect (at -0.7875 0 180) (size 0.875 0.95) (layers B.Cu B.Paste B.Mask) (roundrect_rratio 0.25)
      (net 2 +3V3))
    (pad 2 smd roundrect (at 0.7875 0 180) (size 0.875 0.95) (layers B.Cu B.Paste B.Mask) (roundrect_rratio 0.25)
      (net 21 MCP0_INT0))
    (model ${KISYS3DMOD}/Resistor_SMD.3dshapes/R_0603_1608Metric.wrl
      (at (xyz 0 0 0))
      (scale (xyz 1 1 1))
      (rotate (xyz 0 0 0))
    )
  )

  (module Resistor_SMD:R_0603_1608Metric (layer B.Cu) (tedit 5B20DC38) (tstamp 5B3AA576)
    (at 88.265 71.755 180)
    (descr "Resistor SMD 0603 (1608 Metric), square (rectangular) end terminal, IPC_7351 nominal, (Body size source: http://www.tortai-tech.com/upload/download/2011102023233369053.pdf), generated with kicad-footprint-generator")
    (tags resistor)
    (path /5B374D02)
    (attr smd)
    (fp_text reference R9 (at 0.0255 -1.397 180) (layer B.SilkS)
      (effects (font (size 1 1) (thickness 0.15)) (justify mirror))
    )
    (fp_text value 10K (at 2.4385 0 180) (layer B.Fab)
      (effects (font (size 1 1) (thickness 0.15)) (justify mirror))
    )
    (fp_text user %R (at 0 0 180) (layer B.Fab)
      (effects (font (size 0.4 0.4) (thickness 0.06)) (justify mirror))
    )
    (fp_line (start 1.48 -0.73) (end -1.48 -0.73) (layer B.CrtYd) (width 0.05))
    (fp_line (start 1.48 0.73) (end 1.48 -0.73) (layer B.CrtYd) (width 0.05))
    (fp_line (start -1.48 0.73) (end 1.48 0.73) (layer B.CrtYd) (width 0.05))
    (fp_line (start -1.48 -0.73) (end -1.48 0.73) (layer B.CrtYd) (width 0.05))
    (fp_line (start -0.162779 -0.51) (end 0.162779 -0.51) (layer B.SilkS) (width 0.12))
    (fp_line (start -0.162779 0.51) (end 0.162779 0.51) (layer B.SilkS) (width 0.12))
    (fp_line (start 0.8 -0.4) (end -0.8 -0.4) (layer B.Fab) (width 0.1))
    (fp_line (start 0.8 0.4) (end 0.8 -0.4) (layer B.Fab) (width 0.1))
    (fp_line (start -0.8 0.4) (end 0.8 0.4) (layer B.Fab) (width 0.1))
    (fp_line (start -0.8 -0.4) (end -0.8 0.4) (layer B.Fab) (width 0.1))
    (pad 2 smd roundrect (at 0.7875 0 180) (size 0.875 0.95) (layers B.Cu B.Paste B.Mask) (roundrect_rratio 0.25)
      (net 10 MCP3_INT1))
    (pad 1 smd roundrect (at -0.7875 0 180) (size 0.875 0.95) (layers B.Cu B.Paste B.Mask) (roundrect_rratio 0.25)
      (net 2 +3V3))
    (model ${KISYS3DMOD}/Resistor_SMD.3dshapes/R_0603_1608Metric.wrl
      (at (xyz 0 0 0))
      (scale (xyz 1 1 1))
      (rotate (xyz 0 0 0))
    )
  )

  (module Resistor_SMD:R_0603_1608Metric (layer B.Cu) (tedit 5B20DC38) (tstamp 5B3AA565)
    (at 88.265 45.085 180)
    (descr "Resistor SMD 0603 (1608 Metric), square (rectangular) end terminal, IPC_7351 nominal, (Body size source: http://www.tortai-tech.com/upload/download/2011102023233369053.pdf), generated with kicad-footprint-generator")
    (tags resistor)
    (path /5B373D99)
    (attr smd)
    (fp_text reference R10 (at 0.0255 -1.397 180) (layer B.SilkS)
      (effects (font (size 1 1) (thickness 0.15)) (justify mirror))
    )
    (fp_text value 10K (at 2.4385 0 180) (layer B.Fab)
      (effects (font (size 1 1) (thickness 0.15)) (justify mirror))
    )
    (fp_line (start -0.8 -0.4) (end -0.8 0.4) (layer B.Fab) (width 0.1))
    (fp_line (start -0.8 0.4) (end 0.8 0.4) (layer B.Fab) (width 0.1))
    (fp_line (start 0.8 0.4) (end 0.8 -0.4) (layer B.Fab) (width 0.1))
    (fp_line (start 0.8 -0.4) (end -0.8 -0.4) (layer B.Fab) (width 0.1))
    (fp_line (start -0.162779 0.51) (end 0.162779 0.51) (layer B.SilkS) (width 0.12))
    (fp_line (start -0.162779 -0.51) (end 0.162779 -0.51) (layer B.SilkS) (width 0.12))
    (fp_line (start -1.48 -0.73) (end -1.48 0.73) (layer B.CrtYd) (width 0.05))
    (fp_line (start -1.48 0.73) (end 1.48 0.73) (layer B.CrtYd) (width 0.05))
    (fp_line (start 1.48 0.73) (end 1.48 -0.73) (layer B.CrtYd) (width 0.05))
    (fp_line (start 1.48 -0.73) (end -1.48 -0.73) (layer B.CrtYd) (width 0.05))
    (fp_text user %R (at 0 0 180) (layer B.Fab)
      (effects (font (size 0.4 0.4) (thickness 0.06)) (justify mirror))
    )
    (pad 1 smd roundrect (at -0.7875 0 180) (size 0.875 0.95) (layers B.Cu B.Paste B.Mask) (roundrect_rratio 0.25)
      (net 2 +3V3))
    (pad 2 smd roundrect (at 0.7875 0 180) (size 0.875 0.95) (layers B.Cu B.Paste B.Mask) (roundrect_rratio 0.25)
      (net 6 MCP1_INT1))
    (model ${KISYS3DMOD}/Resistor_SMD.3dshapes/R_0603_1608Metric.wrl
      (at (xyz 0 0 0))
      (scale (xyz 1 1 1))
      (rotate (xyz 0 0 0))
    )
  )

  (module Resistor_SMD:R_0603_1608Metric (layer B.Cu) (tedit 5B20DC38) (tstamp 5B3AA554)
    (at 97.155 71.755)
    (descr "Resistor SMD 0603 (1608 Metric), square (rectangular) end terminal, IPC_7351 nominal, (Body size source: http://www.tortai-tech.com/upload/download/2011102023233369053.pdf), generated with kicad-footprint-generator")
    (tags resistor)
    (path /5B374CDB)
    (attr smd)
    (fp_text reference R11 (at -0.0255 1.397) (layer B.SilkS)
      (effects (font (size 1 1) (thickness 0.15)) (justify mirror))
    )
    (fp_text value 10K (at 2.3875 0) (layer B.Fab)
      (effects (font (size 1 1) (thickness 0.15)) (justify mirror))
    )
    (fp_text user %R (at 0 0) (layer B.Fab)
      (effects (font (size 0.4 0.4) (thickness 0.06)) (justify mirror))
    )
    (fp_line (start 1.48 -0.73) (end -1.48 -0.73) (layer B.CrtYd) (width 0.05))
    (fp_line (start 1.48 0.73) (end 1.48 -0.73) (layer B.CrtYd) (width 0.05))
    (fp_line (start -1.48 0.73) (end 1.48 0.73) (layer B.CrtYd) (width 0.05))
    (fp_line (start -1.48 -0.73) (end -1.48 0.73) (layer B.CrtYd) (width 0.05))
    (fp_line (start -0.162779 -0.51) (end 0.162779 -0.51) (layer B.SilkS) (width 0.12))
    (fp_line (start -0.162779 0.51) (end 0.162779 0.51) (layer B.SilkS) (width 0.12))
    (fp_line (start 0.8 -0.4) (end -0.8 -0.4) (layer B.Fab) (width 0.1))
    (fp_line (start 0.8 0.4) (end 0.8 -0.4) (layer B.Fab) (width 0.1))
    (fp_line (start -0.8 0.4) (end 0.8 0.4) (layer B.Fab) (width 0.1))
    (fp_line (start -0.8 -0.4) (end -0.8 0.4) (layer B.Fab) (width 0.1))
    (pad 2 smd roundrect (at 0.7875 0) (size 0.875 0.95) (layers B.Cu B.Paste B.Mask) (roundrect_rratio 0.25)
      (net 19 MCP2_INT1))
    (pad 1 smd roundrect (at -0.7875 0) (size 0.875 0.95) (layers B.Cu B.Paste B.Mask) (roundrect_rratio 0.25)
      (net 2 +3V3))
    (model ${KISYS3DMOD}/Resistor_SMD.3dshapes/R_0603_1608Metric.wrl
      (at (xyz 0 0 0))
      (scale (xyz 1 1 1))
      (rotate (xyz 0 0 0))
    )
  )

  (module Resistor_SMD:R_0603_1608Metric (layer B.Cu) (tedit 5B20DC38) (tstamp 5B3ACD12)
    (at 97.155 45.085 180)
    (descr "Resistor SMD 0603 (1608 Metric), square (rectangular) end terminal, IPC_7351 nominal, (Body size source: http://www.tortai-tech.com/upload/download/2011102023233369053.pdf), generated with kicad-footprint-generator")
    (tags resistor)
    (path /5B370F9B)
    (attr smd)
    (fp_text reference R12 (at 0.0255 -1.397 180) (layer B.SilkS)
      (effects (font (size 1 1) (thickness 0.15)) (justify mirror))
    )
    (fp_text value 10K (at -2.3875 0 180) (layer B.Fab)
      (effects (font (size 1 1) (thickness 0.15)) (justify mirror))
    )
    (fp_line (start -0.8 -0.4) (end -0.8 0.4) (layer B.Fab) (width 0.1))
    (fp_line (start -0.8 0.4) (end 0.8 0.4) (layer B.Fab) (width 0.1))
    (fp_line (start 0.8 0.4) (end 0.8 -0.4) (layer B.Fab) (width 0.1))
    (fp_line (start 0.8 -0.4) (end -0.8 -0.4) (layer B.Fab) (width 0.1))
    (fp_line (start -0.162779 0.51) (end 0.162779 0.51) (layer B.SilkS) (width 0.12))
    (fp_line (start -0.162779 -0.51) (end 0.162779 -0.51) (layer B.SilkS) (width 0.12))
    (fp_line (start -1.48 -0.73) (end -1.48 0.73) (layer B.CrtYd) (width 0.05))
    (fp_line (start -1.48 0.73) (end 1.48 0.73) (layer B.CrtYd) (width 0.05))
    (fp_line (start 1.48 0.73) (end 1.48 -0.73) (layer B.CrtYd) (width 0.05))
    (fp_line (start 1.48 -0.73) (end -1.48 -0.73) (layer B.CrtYd) (width 0.05))
    (fp_text user %R (at 0 0 180) (layer B.Fab)
      (effects (font (size 0.4 0.4) (thickness 0.06)) (justify mirror))
    )
    (pad 1 smd roundrect (at -0.7875 0 180) (size 0.875 0.95) (layers B.Cu B.Paste B.Mask) (roundrect_rratio 0.25)
      (net 2 +3V3))
    (pad 2 smd roundrect (at 0.7875 0 180) (size 0.875 0.95) (layers B.Cu B.Paste B.Mask) (roundrect_rratio 0.25)
      (net 22 MCP0_INT1))
    (model ${KISYS3DMOD}/Resistor_SMD.3dshapes/R_0603_1608Metric.wrl
      (at (xyz 0 0 0))
      (scale (xyz 1 1 1))
      (rotate (xyz 0 0 0))
    )
  )

  (module Oscillator:Oscillator_SMD_Abracon_ASV-4Pin_7.0x5.1mm (layer F.Cu) (tedit 58CD3344) (tstamp 5B3A4AC1)
    (at 92.71 52.705)
    (descr "Miniature Crystal Clock Oscillator Abracon ASV series, http://www.abracon.com/Oscillators/ASV.pdf, 7.0x5.1mm^2 package")
    (tags "SMD SMT crystal oscillator")
    (path /5B35F196)
    (attr smd)
    (fp_text reference X1 (at -4.5975 0 90) (layer F.SilkS)
      (effects (font (size 1 1) (thickness 0.15)))
    )
    (fp_text value ASV-20MHz (at -5.2325 0 90) (layer F.Fab)
      (effects (font (size 1 1) (thickness 0.15)))
    )
    (fp_text user %R (at 0 0) (layer F.Fab)
      (effects (font (size 1 1) (thickness 0.15)))
    )
    (fp_line (start -3.4 -2.54) (end 3.4 -2.54) (layer F.Fab) (width 0.1))
    (fp_line (start 3.4 -2.54) (end 3.5 -2.44) (layer F.Fab) (width 0.1))
    (fp_line (start 3.5 -2.44) (end 3.5 2.44) (layer F.Fab) (width 0.1))
    (fp_line (start 3.5 2.44) (end 3.4 2.54) (layer F.Fab) (width 0.1))
    (fp_line (start 3.4 2.54) (end -3.4 2.54) (layer F.Fab) (width 0.1))
    (fp_line (start -3.4 2.54) (end -3.5 2.44) (layer F.Fab) (width 0.1))
    (fp_line (start -3.5 2.44) (end -3.5 -2.44) (layer F.Fab) (width 0.1))
    (fp_line (start -3.5 -2.44) (end -3.4 -2.54) (layer F.Fab) (width 0.1))
    (fp_line (start -3.5 1.54) (end -2.5 2.54) (layer F.Fab) (width 0.1))
    (fp_line (start 3.64 -2.74) (end 3.7 -2.74) (layer F.SilkS) (width 0.12))
    (fp_line (start 3.7 -2.74) (end 3.7 2.74) (layer F.SilkS) (width 0.12))
    (fp_line (start 3.7 2.74) (end 3.64 2.74) (layer F.SilkS) (width 0.12))
    (fp_line (start -1.44 -2.74) (end 1.44 -2.74) (layer F.SilkS) (width 0.12))
    (fp_line (start -3.64 3.2) (end -3.64 2.74) (layer F.SilkS) (width 0.12))
    (fp_line (start -3.64 2.74) (end -3.7 2.74) (layer F.SilkS) (width 0.12))
    (fp_line (start -3.7 2.74) (end -3.7 -2.74) (layer F.SilkS) (width 0.12))
    (fp_line (start -3.7 -2.74) (end -3.64 -2.74) (layer F.SilkS) (width 0.12))
    (fp_line (start 1.44 2.74) (end -1.44 2.74) (layer F.SilkS) (width 0.12))
    (fp_line (start -1.44 2.74) (end -1.44 3.2) (layer F.SilkS) (width 0.12))
    (fp_line (start -3.8 -3.3) (end -3.8 3.3) (layer F.CrtYd) (width 0.05))
    (fp_line (start -3.8 3.3) (end 3.8 3.3) (layer F.CrtYd) (width 0.05))
    (fp_line (start 3.8 3.3) (end 3.8 -3.3) (layer F.CrtYd) (width 0.05))
    (fp_line (start 3.8 -3.3) (end -3.8 -3.3) (layer F.CrtYd) (width 0.05))
    (fp_circle (center 0 0) (end 1 0) (layer F.Adhes) (width 0.1))
    (fp_circle (center 0 0) (end 0.833333 0) (layer F.Adhes) (width 0.333333))
    (fp_circle (center 0 0) (end 0.533333 0) (layer F.Adhes) (width 0.333333))
    (fp_circle (center 0 0) (end 0.233333 0) (layer F.Adhes) (width 0.466667))
    (pad 1 smd rect (at -2.54 2) (size 1.8 2) (layers F.Cu F.Paste F.Mask))
    (pad 2 smd rect (at 2.54 2) (size 1.8 2) (layers F.Cu F.Paste F.Mask)
      (net 1 GND))
    (pad 3 smd rect (at 2.54 -2) (size 1.8 2) (layers F.Cu F.Paste F.Mask)
      (net 36 CLK-20MHz))
    (pad 4 smd rect (at -2.54 -2) (size 1.8 2) (layers F.Cu F.Paste F.Mask)
      (net 2 +3V3))
    (model ${KISYS3DMOD}/Oscillator.3dshapes/Oscillator_SMD_Abracon_ASV-4Pin_7.0x5.1mm.wrl
      (at (xyz 0 0 0))
      (scale (xyz 1 1 1))
      (rotate (xyz 0 0 0))
    )
  )

  (module Capacitor_SMD:C_0603_1608Metric (layer B.Cu) (tedit 5B20DC38) (tstamp 5B37A4A2)
    (at 88.265 50.8 180)
    (descr "Capacitor SMD 0603 (1608 Metric), square (rectangular) end terminal, IPC_7351 nominal, (Body size source: http://www.tortai-tech.com/upload/download/2011102023233369053.pdf), generated with kicad-footprint-generator")
    (tags capacitor)
    (path /5B3600F7)
    (attr smd)
    (fp_text reference C1 (at 0 1.43 180) (layer B.SilkS)
      (effects (font (size 1 1) (thickness 0.15)) (justify mirror))
    )
    (fp_text value 100nF (at 0 -1.43 180) (layer B.Fab)
      (effects (font (size 1 1) (thickness 0.15)) (justify mirror))
    )
    (fp_text user %R (at 0 0 180) (layer B.Fab)
      (effects (font (size 0.4 0.4) (thickness 0.06)) (justify mirror))
    )
    (fp_line (start 1.48 -0.73) (end -1.48 -0.73) (layer B.CrtYd) (width 0.05))
    (fp_line (start 1.48 0.73) (end 1.48 -0.73) (layer B.CrtYd) (width 0.05))
    (fp_line (start -1.48 0.73) (end 1.48 0.73) (layer B.CrtYd) (width 0.05))
    (fp_line (start -1.48 -0.73) (end -1.48 0.73) (layer B.CrtYd) (width 0.05))
    (fp_line (start -0.162779 -0.51) (end 0.162779 -0.51) (layer B.SilkS) (width 0.12))
    (fp_line (start -0.162779 0.51) (end 0.162779 0.51) (layer B.SilkS) (width 0.12))
    (fp_line (start 0.8 -0.4) (end -0.8 -0.4) (layer B.Fab) (width 0.1))
    (fp_line (start 0.8 0.4) (end 0.8 -0.4) (layer B.Fab) (width 0.1))
    (fp_line (start -0.8 0.4) (end 0.8 0.4) (layer B.Fab) (width 0.1))
    (fp_line (start -0.8 -0.4) (end -0.8 0.4) (layer B.Fab) (width 0.1))
    (pad 2 smd roundrect (at 0.7875 0 180) (size 0.875 0.95) (layers B.Cu B.Paste B.Mask) (roundrect_rratio 0.25)
      (net 1 GND))
    (pad 1 smd roundrect (at -0.7875 0 180) (size 0.875 0.95) (layers B.Cu B.Paste B.Mask) (roundrect_rratio 0.25)
      (net 2 +3V3))
    (model ${KISYS3DMOD}/Capacitor_SMD.3dshapes/C_0603_1608Metric.wrl
      (at (xyz 0 0 0))
      (scale (xyz 1 1 1))
      (rotate (xyz 0 0 0))
    )
  )

  (module Capacitor_SMD:C_0603_1608Metric (layer B.Cu) (tedit 5B20DC38) (tstamp 5B37A4B3)
    (at 97.155 41.275 180)
    (descr "Capacitor SMD 0603 (1608 Metric), square (rectangular) end terminal, IPC_7351 nominal, (Body size source: http://www.tortai-tech.com/upload/download/2011102023233369053.pdf), generated with kicad-footprint-generator")
    (tags capacitor)
    (path /5B360A16)
    (attr smd)
    (fp_text reference C2 (at -2.3875 0 180) (layer B.SilkS)
      (effects (font (size 1 1) (thickness 0.15)) (justify mirror))
    )
    (fp_text value 1uF (at -2.2605 0 180) (layer B.Fab)
      (effects (font (size 1 1) (thickness 0.15)) (justify mirror))
    )
    (fp_text user %R (at 0 0 180) (layer B.Fab)
      (effects (font (size 0.4 0.4) (thickness 0.06)) (justify mirror))
    )
    (fp_line (start 1.48 -0.73) (end -1.48 -0.73) (layer B.CrtYd) (width 0.05))
    (fp_line (start 1.48 0.73) (end 1.48 -0.73) (layer B.CrtYd) (width 0.05))
    (fp_line (start -1.48 0.73) (end 1.48 0.73) (layer B.CrtYd) (width 0.05))
    (fp_line (start -1.48 -0.73) (end -1.48 0.73) (layer B.CrtYd) (width 0.05))
    (fp_line (start -0.162779 -0.51) (end 0.162779 -0.51) (layer B.SilkS) (width 0.12))
    (fp_line (start -0.162779 0.51) (end 0.162779 0.51) (layer B.SilkS) (width 0.12))
    (fp_line (start 0.8 -0.4) (end -0.8 -0.4) (layer B.Fab) (width 0.1))
    (fp_line (start 0.8 0.4) (end 0.8 -0.4) (layer B.Fab) (width 0.1))
    (fp_line (start -0.8 0.4) (end 0.8 0.4) (layer B.Fab) (width 0.1))
    (fp_line (start -0.8 -0.4) (end -0.8 0.4) (layer B.Fab) (width 0.1))
    (pad 2 smd roundrect (at 0.7875 0 180) (size 0.875 0.95) (layers B.Cu B.Paste B.Mask) (roundrect_rratio 0.25)
      (net 1 GND))
    (pad 1 smd roundrect (at -0.7875 0 180) (size 0.875 0.95) (layers B.Cu B.Paste B.Mask) (roundrect_rratio 0.25)
      (net 2 +3V3))
    (model ${KISYS3DMOD}/Capacitor_SMD.3dshapes/C_0603_1608Metric.wrl
      (at (xyz 0 0 0))
      (scale (xyz 1 1 1))
      (rotate (xyz 0 0 0))
    )
  )

  (module Capacitor_SMD:C_0603_1608Metric (layer B.Cu) (tedit 5B20DC38) (tstamp 5B37A4C4)
    (at 88.265 41.275 180)
    (descr "Capacitor SMD 0603 (1608 Metric), square (rectangular) end terminal, IPC_7351 nominal, (Body size source: http://www.tortai-tech.com/upload/download/2011102023233369053.pdf), generated with kicad-footprint-generator")
    (tags capacitor)
    (path /5B360DE7)
    (attr smd)
    (fp_text reference C3 (at -2.5145 0 180) (layer B.SilkS)
      (effects (font (size 1 1) (thickness 0.15)) (justify mirror))
    )
    (fp_text value 1uF (at 2.3115 0 180) (layer B.Fab)
      (effects (font (size 1 1) (thickness 0.15)) (justify mirror))
    )
    (fp_text user %R (at 0 0 180) (layer B.Fab)
      (effects (font (size 0.4 0.4) (thickness 0.06)) (justify mirror))
    )
    (fp_line (start 1.48 -0.73) (end -1.48 -0.73) (layer B.CrtYd) (width 0.05))
    (fp_line (start 1.48 0.73) (end 1.48 -0.73) (layer B.CrtYd) (width 0.05))
    (fp_line (start -1.48 0.73) (end 1.48 0.73) (layer B.CrtYd) (width 0.05))
    (fp_line (start -1.48 -0.73) (end -1.48 0.73) (layer B.CrtYd) (width 0.05))
    (fp_line (start -0.162779 -0.51) (end 0.162779 -0.51) (layer B.SilkS) (width 0.12))
    (fp_line (start -0.162779 0.51) (end 0.162779 0.51) (layer B.SilkS) (width 0.12))
    (fp_line (start 0.8 -0.4) (end -0.8 -0.4) (layer B.Fab) (width 0.1))
    (fp_line (start 0.8 0.4) (end 0.8 -0.4) (layer B.Fab) (width 0.1))
    (fp_line (start -0.8 0.4) (end 0.8 0.4) (layer B.Fab) (width 0.1))
    (fp_line (start -0.8 -0.4) (end -0.8 0.4) (layer B.Fab) (width 0.1))
    (pad 2 smd roundrect (at 0.7875 0 180) (size 0.875 0.95) (layers B.Cu B.Paste B.Mask) (roundrect_rratio 0.25)
      (net 1 GND))
    (pad 1 smd roundrect (at -0.7875 0 180) (size 0.875 0.95) (layers B.Cu B.Paste B.Mask) (roundrect_rratio 0.25)
      (net 2 +3V3))
    (model ${KISYS3DMOD}/Capacitor_SMD.3dshapes/C_0603_1608Metric.wrl
      (at (xyz 0 0 0))
      (scale (xyz 1 1 1))
      (rotate (xyz 0 0 0))
    )
  )

  (module Capacitor_SMD:C_0603_1608Metric (layer B.Cu) (tedit 5B20DC38) (tstamp 5B37A4D5)
    (at 97.155 67.945 180)
    (descr "Capacitor SMD 0603 (1608 Metric), square (rectangular) end terminal, IPC_7351 nominal, (Body size source: http://www.tortai-tech.com/upload/download/2011102023233369053.pdf), generated with kicad-footprint-generator")
    (tags capacitor)
    (path /5B3611C5)
    (attr smd)
    (fp_text reference C4 (at -2.5145 0 180) (layer B.SilkS)
      (effects (font (size 1 1) (thickness 0.15)) (justify mirror))
    )
    (fp_text value 1uF (at -2.2605 0 180) (layer B.Fab)
      (effects (font (size 1 1) (thickness 0.15)) (justify mirror))
    )
    (fp_line (start -0.8 -0.4) (end -0.8 0.4) (layer B.Fab) (width 0.1))
    (fp_line (start -0.8 0.4) (end 0.8 0.4) (layer B.Fab) (width 0.1))
    (fp_line (start 0.8 0.4) (end 0.8 -0.4) (layer B.Fab) (width 0.1))
    (fp_line (start 0.8 -0.4) (end -0.8 -0.4) (layer B.Fab) (width 0.1))
    (fp_line (start -0.162779 0.51) (end 0.162779 0.51) (layer B.SilkS) (width 0.12))
    (fp_line (start -0.162779 -0.51) (end 0.162779 -0.51) (layer B.SilkS) (width 0.12))
    (fp_line (start -1.48 -0.73) (end -1.48 0.73) (layer B.CrtYd) (width 0.05))
    (fp_line (start -1.48 0.73) (end 1.48 0.73) (layer B.CrtYd) (width 0.05))
    (fp_line (start 1.48 0.73) (end 1.48 -0.73) (layer B.CrtYd) (width 0.05))
    (fp_line (start 1.48 -0.73) (end -1.48 -0.73) (layer B.CrtYd) (width 0.05))
    (fp_text user %R (at 0 0 180) (layer B.Fab)
      (effects (font (size 0.4 0.4) (thickness 0.06)) (justify mirror))
    )
    (pad 1 smd roundrect (at -0.7875 0 180) (size 0.875 0.95) (layers B.Cu B.Paste B.Mask) (roundrect_rratio 0.25)
      (net 2 +3V3))
    (pad 2 smd roundrect (at 0.7875 0 180) (size 0.875 0.95) (layers B.Cu B.Paste B.Mask) (roundrect_rratio 0.25)
      (net 1 GND))
    (model ${KISYS3DMOD}/Capacitor_SMD.3dshapes/C_0603_1608Metric.wrl
      (at (xyz 0 0 0))
      (scale (xyz 1 1 1))
      (rotate (xyz 0 0 0))
    )
  )

  (module Capacitor_SMD:C_0603_1608Metric (layer B.Cu) (tedit 5B20DC38) (tstamp 5B37A4E6)
    (at 88.265 67.945 180)
    (descr "Capacitor SMD 0603 (1608 Metric), square (rectangular) end terminal, IPC_7351 nominal, (Body size source: http://www.tortai-tech.com/upload/download/2011102023233369053.pdf), generated with kicad-footprint-generator")
    (tags capacitor)
    (path /5B3611D7)
    (attr smd)
